-1,-1,-1,-1,-1,-1,-1,-1,-1,-1,-1,-1,-1,-1,-1,-1,-1,-1,-1,-1,-1,-1,-1,-1,-1,-1,-1,-1,-1,-1,-1,-1,-3,-3,-2,-2,-2,-2,-2,-2,-2,-2,-3,-4,-4,-2,-2,-3,-3,-3,-4,-2,-2,-2,-2,-2,-2,-3,-3,-3,-2,-2,-3,-3,-6,-3,-4,-7,-6,-5,-7,-11,-9,-5,-5,-8,-8,-6,-5,-2,-3,-3,-4,-1,-1,-1,-1,-1,-1,-1,-1,-1,-1,-1,-1,-1
-1,-1,-1,-1,-1,-1,-1,-1,-1,-1,-1,-1,-1,-1,-1,-1,-1,-1,-1,-1,-1,-1,-1,-1,-1,-1,-1,-1,-1,-1,-1,-1,-2,-2,-2,-2,-2,-1,-1,-2,-2,-3,-3,-3,-4,-2,-2,-2,-2,-2,-2,-2,-2,-2,-2,-2,-2,-2,-2,-2,-1,-2,-3,-5,-8,-3,-5,-6,-5,-2,-3,-3,-3,-5,-6,-4,-6,-4,-3,-2,-2,-2,-2,-1,-1,-1,-1,-1,-1,-1,-1,-1,-1,-1,-1,-1
-1,-1,-1,-1,-1,-1,-1,-1,-1,-1,-1,-1,-1,-1,-1,-1,-1,-1,-1,-1,-1,-1,-1,-1,-1,-1,-1,-1,-1,-1,-1,-1,-1,-1,-1,-1,-1,-1,-2,-3,-3,-3,-4,-4,-3,-3,-2,-2,-2,-2,-2,-3,-3,-2,-2,-2,-3,-3,-3,-3,-4,-6,-8,-8,-8,-20,-28,-31,-49,-57,-50,-33,-25,-31,-11,-5,-8,-4,-2,-1,-2,-2,-1,-1,-1,-1,-1,-1,-1,-1,-1,-1,-1,-1,-1,-1
-1,-1,-1,-1,-1,-1,-1,-1,-1,-1,-1,-1,-1,-1,-1,-1,-1,-1,-1,-1,-1,-1,-1,-1,-1,-1,-1,-1,-1,-1,-1,-1,-2,-2,-1,-1,-2,-1,-5,-6,-5,-4,-3,-4,-5,-6,-4,-3,-3,-2,-2,-4,-4,-3,-4,-5,-6,-4,-2,-2,-1,-2,-4,-4,-1,-115,48,-5,39,41,53,18,18,30,-89,-76,-9,-4,-4,-4,-5,-4,-2,-1,-1,-1,-1,-1,-1,-1,-1,-1,-1,-1,-1,-1
-1,-1,-1,-1,-1,-1,-1,-1,-1,-1,-1,-1,-1,-1,-1,-1,-1,-1,-1,-1,-1,-1,-2,-2,-2,-2,-1,-1,-1,-1,-1,-1,-1,-1,-1,-2,-3,-4,-8,-9,-8,-8,-8,-6,-7,-7,-4,-3,-2,-1,-1,-3,-3,-2,-4,-5,-6,-13,-23,-28,-41,-53,-66,-81,-101,74,-109,67,62,68,48,55,68,48,13,7,-91,-8,-7,-7,-7,-6,-2,-1,-1,-1,-1,-1,-1,-1,-1,-1,-1,-1,-1,-1
-1,-1,-1,-1,-1,-1,-1,-1,-1,-1,-1,-1,-1,-1,-1,-1,-1,-1,-1,-1,-1,-1,-2,-3,-3,-3,-2,-2,-2,-2,-2,-2,-2,-2,-4,-5,-7,-10,-3,-3,-2,-2,-2,-1,-2,-6,-10,-16,-24,-29,-41,-57,-71,-91,-97,74,76,66,50,36,37,28,21,11,4,66,-11,-3,-2,-3,-49,-75,-64,72,2,11,18,-53,-6,-6,-4,-6,-2,-1,-1,-1,-1,-1,-1,-1,-1,-1,-1,-1,-1,-1
-1,-1,-1,-1,-1,-1,-1,-1,-1,-1,-1,-1,-1,-1,-1,-1,-1,-1,-1,-1,-1,-1,-3,-3,-4,-3,-2,-2,-1,-1,-1,-1,-1,-1,-1,-5,-10,-14,-20,-30,-41,-50,-62,-82,-97,-89,84,73,63,58,45,35,30,26,19,19,14,10,13,9,9,13,7,6,0,46,-15,-5,-3,-6,-58,-76,-66,76,3,3,7,50,-25,-7,-4,-6,-2,-1,-1,-1,-1,-1,-1,-1,-1,-1,-1,-1,-1,-1
-1,-1,-1,-1,-1,-1,-1,-1,-1,-1,-1,-1,-1,-1,-1,-1,-1,-1,-1,-2,-10,-13,-6,-7,-4,-10,-7,-13,-14,-20,-33,-50,-66,-72,-88,-99,-102,86,62,64,61,46,48,52,36,31,37,23,22,24,13,21,19,14,26,16,26,23,22,24,15,20,13,6,-3,45,-22,-17,-13,-12,-60,-74,-67,69,7,5,10,6,-91,-8,-3,-5,-5,-2,-1,-2,-1,-1,-1,-1,-1,-1,-1,-1,-1,-1
-1,-1,-1,-1,-1,-1,-1,-1,-1,-1,-1,-1,-1,-1,-1,-1,-1,-1,-1,-5,-7,-7,-12,-76,-92,-100,-97,69,74,79,89,60,49,72,64,36,53,56,32,29,48,27,16,38,25,22,43,25,29,34,30,30,30,23,14,22,11,14,16,14,17,9,19,7,-2,43,-29,-25,-20,-18,-61,-75,-68,62,4,15,8,4,4,-66,-5,-6,-6,-4,-2,-2,-1,-1,-1,-1,-1,-1,-1,-1,-1,-1
-1,-1,-1,-1,-1,-1,-1,-1,-1,-1,-1,-1,-1,-1,-1,-1,-1,-1,-1,-5,-6,-2,-76,0,21,44,63,75,45,29,61,43,16,44,53,22,24,55,43,27,50,54,32,31,50,24,24,40,18,21,34,16,29,25,25,25,18,20,13,20,11,14,8,14,0,15,-65,-34,-28,-26,-66,-78,-71,70,1,12,8,13,3,29,-33,-5,-8,-3,-2,-2,-1,-1,-1,-1,-1,-1,-1,-1,-1,-1
-1,-1,-1,-1,-1,-1,-1,-1,-1,-1,-1,-1,-1,-1,-1,-1,-1,-1,-1,-8,-3,-26,28,-11,7,1,34,68,45,28,60,75,46,33,63,62,15,32,60,21,17,50,35,28,42,40,35,37,36,22,20,23,9,23,20,16,19,16,22,14,16,14,9,9,9,-12,47,-48,-34,-34,-70,-79,-72,64,4,1,11,6,13,-3,69,-11,-5,-3,-2,-2,-1,-1,-1,-1,-1,-1,-1,-1,-1,-1
-1,-1,-1,-1,-1,-1,-1,-1,-1,-1,-1,-1,-1,-1,-1,-1,-1,-2,-3,-12,-6,82,-7,53,59,10,20,49,64,31,18,60,49,17,41,62,40,35,52,55,29,33,51,25,14,38,22,24,37,26,28,29,26,21,22,19,15,17,10,18,12,14,18,7,12,0,44,-90,-40,-44,-68,-75,-70,57,5,6,3,11,10,9,1,-91,-5,-5,-3,-4,-3,-2,-2,-2,-1,-1,-1,-1,-1,-1
-1,-1,-1,-1,-1,-1,-1,-1,-1,-1,-1,-1,-1,-1,-1,-1,-1,-2,-2,-3,-53,56,42,-80,58,-5,0,33,73,62,39,41,65,47,14,46,52,19,26,58,40,27,44,47,29,33,41,27,21,27,14,24,24,22,28,19,21,16,15,11,19,8,6,13,4,8,-2,11,-80,-48,-71,-76,-72,59,-2,13,3,11,9,4,4,8,-48,-1,-7,-9,-2,-2,-2,-2,-1,-1,-1,-1,-1,-1
-1,-1,-1,-1,-1,-1,-1,-1,-1,-1,-1,-1,-1,-1,-1,-1,-1,-1,-1,-11,44,7,-95,-119,-105,26,9,5,32,65,30,19,58,65,44,39,64,56,26,32,47,14,20,44,30,30,38,33,31,31,32,20,22,20,9,23,18,22,26,17,19,11,7,8,4,1,8,-8,36,-60,-72,-78,-75,60,4,3,13,-3,11,3,5,0,41,-15,-4,-3,-1,-2,-2,-2,-1,-1,-1,-1,-1,-1
-1,-1,-1,-1,-1,-1,-1,-1,-1,-1,-1,-1,-1,-3,-2,-2,-2,-5,-3,-95,-11,70,-101,58,61,-96,-3,9,33,58,67,37,18,55,39,12,38,55,37,32,51,54,27,31,43,18,20,35,21,26,29,24,32,21,17,15,18,8,14,19,7,19,13,13,8,5,6,4,40,78,-72,-78,-73,53,1,1,0,7,0,14,3,14,-3,-114,-2,-3,-6,-3,-2,-2,-1,-1,-1,-1,-1,-1
-1,-1,-1,-1,-1,-1,-1,-1,-1,-1,-1,-1,-3,-5,-3,-4,-5,-11,-42,14,26,-88,-118,57,115,-103,45,1,3,32,66,46,40,47,59,44,23,45,48,16,31,48,30,32,43,39,31,25,33,18,16,24,14,23,21,24,21,18,16,13,11,4,14,5,9,9,8,8,3,6,85,-105,72,25,7,7,0,5,6,3,8,0,9,5,-76,-6,-8,-5,-2,-1,-1,-1,-1,-1,-1,-1
-1,-1,-1,-1,-1,-1,-1,-1,-1,-1,-1,-1,-1,-2,-2,-6,-5,-10,62,0,-107,-108,-115,53,117,-106,-91,10,13,21,39,52,26,18,50,45,35,43,55,44,26,32,43,17,24,36,22,31,33,33,28,23,23,15,18,14,17,24,13,23,16,11,11,10,5,8,6,3,14,7,7,2,-4,7,5,9,10,4,7,2,9,7,1,3,26,-42,-3,-3,-3,-2,-1,-1,-1,-1,-1,-1
-1,-1,-1,-1,-1,-1,-1,-1,-1,-1,-1,-1,-1,-2,-4,-4,-1,-73,46,66,-94,-116,-72,119,-126,-112,-88,72,-7,9,35,62,63,41,30,47,37,12,32,40,27,39,45,46,34,30,34,20,19,25,19,28,24,25,25,18,17,11,13,4,17,15,11,18,8,10,5,4,4,8,1,11,3,6,3,2,9,5,5,8,0,8,0,5,0,57,-10,-3,-3,-1,-1,-1,-1,-1,-1,-1
-1,-1,-1,-1,-1,-1,-1,-1,-1,-1,-1,-1,-1,-7,-6,-4,-28,19,22,-86,-114,-65,120,55,-117,-100,-90,-67,27,2,1,23,50,33,29,53,61,42,31,43,44,15,26,35,24,32,36,33,32,29,23,14,15,17,13,26,16,23,18,10,11,13,3,5,17,2,16,15,4,2,4,-1,11,2,11,5,4,7,1,6,7,3,13,1,8,-3,-100,-2,-6,-7,-1,-1,-1,-1,-1,-1
-1,-1,-1,-1,-1,-1,-1,-1,-1,-1,-1,-1,-2,-8,-6,-6,69,-12,-101,-97,-115,-70,124,-122,-106,-89,-81,-63,-86,-1,10,34,45,55,27,18,47,30,22,41,46,39,39,35,32,17,18,24,17,34,29,27,31,18,15,11,17,10,11,21,10,20,12,6,8,5,2,13,4,5,13,3,8,8,-2,13,-2,5,7,2,6,1,0,3,6,9,1,-58,-3,-11,-1,-1,-1,-1,-1,-1
-1,-1,-1,-1,-1,-1,-1,-1,-1,-1,-1,-1,-2,-8,-2,-57,5,52,-87,-117,-121,121,-123,-111,-94,-81,-74,-65,-50,56,-6,4,32,58,48,44,43,51,37,17,33,33,22,36,43,36,35,30,27,14,19,19,12,29,25,20,21,9,9,9,10,1,17,13,12,18,3,0,10,-1,9,18,4,10,4,0,9,-1,8,4,3,6,-1,5,0,6,7,34,-27,-2,-1,-1,-1,-1,-1,-1
-1,-1,-1,-1,-1,-1,-1,-1,-1,-1,-1,-2,-4,-5,-13,40,7,-85,-110,-123,55,-125,-113,-102,-85,-74,-65,-56,-53,-68,14,4,18,27,41,19,22,51,45,39,41,40,35,20,27,26,16,35,27,25,38,21,16,12,19,14,11,26,11,19,18,5,5,10,4,9,15,4,14,8,0,6,1,2,16,4,10,6,3,7,1,4,4,3,4,-2,8,-5,82,-8,-1,-1,-1,-1,-1,-1
-1,-1,-1,-1,-1,-1,-2,-5,-4,-4,-6,-9,-3,-5,-97,-9,-100,-86,-115,-125,125,-120,-101,-89,-78,-68,-58,-52,-51,-44,-100,-12,5,39,46,47,41,22,33,29,18,37,37,37,40,33,30,20,16,22,17,31,24,20,28,23,12,11,12,3,15,18,7,18,8,-1,6,9,1,17,7,5,8,-4,3,14,1,14,0,0,6,2,7,5,5,7,-1,10,-3,-80,-6,-7,-4,-2,-2,-3
-1,-1,-1,-1,-1,-1,-4,-3,-3,-4,-9,-7,-2,-47,6,39,-82,-112,-119,126,-124,-105,-91,-83,-70,-62,-53,-47,-48,-46,-47,40,-5,10,25,40,26,35,49,44,43,28,26,23,16,33,35,25,39,29,25,23,13,14,4,27,16,11,23,12,10,12,12,4,17,7,8,7,2,0,11,2,10,11,3,5,4,-2,16,0,11,3,-4,7,-3,6,2,4,2,9,-43,-3,-4,-5,-5,-4
-1,-1,-1,-1,-1,-1,-5,-4,-4,-4,-5,-4,-13,56,7,-90,-108,-118,-70,-71,-112,-95,-83,-74,-61,-54,-48,-41,-43,-42,-44,-71,2,11,37,35,35,27,19,37,28,31,46,35,33,32,22,19,14,29,27,24,36,24,15,12,16,10,8,25,7,20,14,5,4,11,7,9,19,1,11,6,-1,10,6,2,15,-1,1,3,-5,10,1,6,4,-4,7,3,15,0,46,-13,-5,-5,-4,-4
-1,-1,-1,-1,-1,-1,-2,-2,-4,-8,-4,-3,-79,43,75,-88,-111,-123,-57,-116,-103,-89,-79,-67,-58,-50,-45,-39,-41,-40,-42,-35,77,-9,3,32,45,38,47,39,29,23,13,30,23,20,40,32,25,28,21,7,10,26,21,13,30,14,8,13,9,-1,17,16,4,16,6,0,9,15,-2,17,6,2,8,2,2,14,-2,10,5,-2,10,-1,9,2,1,8,-1,11,-6,-94,-7,-3,-3,-4
-1,-1,-1,-1,-1,-1,-2,-3,-10,-12,-5,-29,19,32,-79,-110,-115,-71,-122,-106,-91,-77,-70,-58,-48,-44,-37,-36,-34,-35,-39,-33,-48,28,0,29,23,30,17,27,46,29,37,38,23,22,15,24,23,17,38,24,16,20,19,5,5,26,9,12,22,8,0,9,9,2,21,6,2,10,0,0,15,0,9,8,-3,4,9,0,8,0,4,7,-3,8,1,5,2,0,5,1,-70,-4,-4,-8
-1,-1,-1,-1,-1,-1,-2,-4,-7,-6,-11,82,2,-95,-94,-116,-107,-48,-113,-97,-84,-70,-60,-57,-86,-79,-72,-49,-39,-35,-31,-30,-38,-86,-6,6,42,41,35,34,28,27,18,24,40,27,32,37,21,12,11,23,16,12,34,22,11,15,12,2,8,24,8,14,15,-2,0,11,4,8,19,0,3,7,-3,11,6,0,4,-1,0,12,0,11,0,-4,1,-4,13,3,5,-7,26,-28,-5,-7
-1,-1,-1,-1,-1,-1,-3,-5,-6,-3,-68,-2,65,-82,-115,-120,-53,-94,-97,-87,-76,-62,-56,-49,-122,94,48,96,-119,-117,-102,-43,-34,-41,59,-6,14,23,31,19,39,48,36,27,27,22,17,12,32,32,23,32,18,8,6,19,17,8,29,14,6,9,10,0,15,17,5,10,9,-3,4,14,0,13,4,-4,8,3,2,15,3,4,0,-5,9,-1,5,4,0,7,4,10,-2,63,-12,-5
-1,-1,-1,-2,-2,-1,-5,-5,-4,-24,30,19,-77,-106,-116,-122,-119,-105,-89,-77,-66,-52,-46,-44,-110,103,36,86,-71,93,75,-48,-29,-35,-58,7,0,39,44,25,25,17,27,22,27,47,28,16,25,20,15,10,30,23,12,25,14,1,0,25,11,12,30,5,2,8,7,-1,21,9,0,6,2,-4,18,4,6,6,-6,5,5,-2,9,0,-3,9,0,10,2,1,-5,-10,-7,47,-53,-5
-1,-1,-1,-2,-2,-2,-5,-7,-5,-104,46,-100,-95,-113,-120,-125,-111,-96,-83,-72,-62,-51,-44,-42,-109,110,39,95,-51,55,82,-43,-25,-31,-30,-103,-15,4,31,40,28,39,38,27,18,12,31,24,20,40,26,13,16,16,12,3,30,21,7,18,12,2,3,22,2,12,15,-2,-2,12,-1,6,17,-1,-4,9,-2,11,8,0,6,0,0,16,2,8,0,-4,-7,-5,-8,-8,-11,49,-51,-2
-1,-1,-1,-2,-2,-2,-6,-2,-48,10,53,-77,-112,-118,-125,-117,-100,-85,-72,-61,-55,-49,-42,-39,-105,117,50,96,-97,63,89,-33,-24,-26,-38,-38,40,-5,28,27,23,8,20,44,23,28,45,23,9,6,23,18,14,39,23,9,7,18,7,3,28,14,6,10,10,-1,15,16,0,11,6,-8,5,11,-2,9,4,-3,5,2,8,16,-5,0,-2,-2,-2,-2,-8,40,38,38,52,89,-33,-3
-1,-1,-1,-3,-2,-1,-2,-12,61,12,-80,-106,-118,-123,-120,-100,-89,-77,-63,-54,-50,-46,-39,-36,-101,115,44,53,51,44,29,-40,-24,-24,-36,-30,-67,0,-3,37,47,28,36,29,16,7,10,41,30,17,35,24,9,3,23,20,6,27,19,2,0,16,8,8,24,3,2,9,6,-4,22,7,0,4,4,-5,17,4,8,3,-7,-6,-5,-4,1,44,38,34,43,66,37,71,-86,-34,-11,-7
-1,-1,-1,-7,-2,-2,-1,-86,3,-111,-87,-112,-70,-125,-110,-95,-81,-69,-56,-50,-46,-42,-38,-33,-88,113,48,46,68,0,50,-75,-19,-28,-30,-34,-36,78,-12,22,25,22,12,26,43,24,18,29,24,7,7,40,28,11,27,19,2,1,25,18,5,22,10,-4,0,22,3,10,15,-2,-6,16,3,9,14,-1,-1,-5,-12,-4,-5,-5,-12,38,39,48,67,43,73,-113,-117,-48,-1,-1,-2,-4
-1,-1,-1,-4,-2,-1,-32,20,43,-75,-107,-116,-68,-114,-101,-85,-72,-63,-52,-46,-44,-39,-36,-31,-85,120,57,99,-99,69,66,-52,-18,-27,-29,-29,-39,-50,20,-7,41,44,21,22,23,24,14,18,48,29,6,17,18,9,-2,30,22,7,13,14,1,0,27,14,4,14,6,-7,6,16,3,12,0,-6,-9,-7,-4,-3,-4,45,39,39,53,68,47,75,-114,-109,-111,-114,-110,-35,-2,-3,-1,-1
-1,-1,-1,-2,-3,-1,-110,59,-90,-99,-116,-69,-122,-104,-89,-74,-62,-56,-50,-44,-40,-36,-32,-27,-82,124,54,92,-90,-116,86,-34,-20,-25,-26,-31,-35,-34,-85,45,6,16,30,12,35,52,21,7,9,23,21,5,38,35,5,6,14,6,0,29,19,1,1,13,3,3,23,7,2,2,-5,-7,-5,-3,-2,-3,42,41,43,53,80,54,-120,-108,-109,-109,-105,-103,-98,-93,-91,-27,-1,-2,-2,-2
-1,-1,-1,-1,-4,-2,-108,69,-87,-124,122,118,-109,-92,-79,-67,-56,-51,-46,-42,-38,-35,-31,-28,-80,122,53,87,-93,64,83,-36,-19,-23,-25,-32,-35,-38,-29,57,-8,31,38,20,10,18,33,17,15,44,23,5,0,27,19,7,28,22,4,0,12,9,0,27,14,-6,-2,-6,-7,-6,-1,-4,-9,38,39,46,56,84,63,-119,-114,-110,-111,-104,-102,-100,-95,-92,-91,-90,-86,-28,-2,-1,-1,-2
-1,-1,-1,-1,-3,-4,-67,-58,-112,121,116,-73,-97,-81,-72,-62,-52,-46,-42,-38,-36,-32,-32,-29,-72,71,54,80,-100,63,25,-34,-18,-22,-24,-29,-32,-35,-37,-59,9,-5,26,49,18,28,41,16,4,6,41,29,6,27,24,-1,-9,26,20,5,25,18,-7,-8,-3,-6,-7,-2,-4,-11,36,37,44,61,36,65,-119,-109,-109,-114,-109,-102,-96,-92,-91,-90,-91,-89,-87,-88,-81,-19,-2,-1,-1,-1
-1,-1,-1,-1,-2,-4,-7,-22,-93,-84,-72,-103,-85,-73,-63,-54,-48,-42,-38,-36,-34,-30,-32,-25,-72,115,56,52,110,56,7,-45,-17,-23,-25,-27,-30,-33,-35,-41,-108,42,27,34,14,0,11,50,24,11,27,20,6,-3,28,38,8,19,13,-7,-10,-6,2,3,0,-7,-11,35,36,46,68,44,76,-110,-107,-110,-116,-105,-98,-93,-93,-91,-89,-87,-85,-85,-87,-88,-85,-85,-79,-18,-1,-1,-1,-1
-1,-1,-1,-2,-2,-1,-4,-7,-7,-6,-10,-78,-79,-66,-55,-46,-44,-39,-34,-34,-32,-28,-26,-26,-42,-59,-62,-83,-107,63,27,-79,-14,-23,-25,-26,-28,-32,-33,-38,-44,41,-10,26,51,20,18,31,22,3,1,40,33,8,18,10,-7,-8,-5,-2,-1,-1,-4,43,35,38,52,72,42,56,-109,-109,-112,-109,-104,-99,-91,-92,-87,-86,-84,-85,-87,-88,-87,-85,-85,-85,-83,-84,-77,-17,-1,-1,-1,-1
-1,-1,-1,-1,-1,-1,-2,-4,-1,-3,-12,-51,-61,-58,-50,-42,-39,-38,-34,-33,-31,-30,-26,-26,-22,-12,-7,-8,-5,-14,-25,-21,-20,-23,-24,-26,-28,-30,-30,-34,-35,-72,0,9,30,19,0,14,55,35,6,13,5,-8,-8,-6,0,-2,46,45,40,35,36,52,74,59,-118,-107,-103,-109,-112,-106,-98,-92,-92,-90,-88,-87,-87,-87,-85,-86,-86,-87,-84,-85,-89,-85,-83,-81,-74,-14,-2,-1,-1,-1
-1,-1,-1,-1,-1,-1,-1,-1,-2,-1,-7,-35,-47,-50,-44,-39,-37,-35,-33,-31,-30,-29,-28,-26,-22,-19,-18,-17,-15,-15,-16,-17,-21,-23,-24,-25,-27,-29,-31,-32,-36,-34,76,42,31,55,20,7,13,-3,-16,-9,1,7,0,-9,39,37,38,44,57,32,62,-117,-103,-102,-110,-110,-103,-94,-92,-92,-87,-86,-88,-88,-88,-86,-87,-88,-87,-88,-80,-87,-89,-91,-85,-85,-83,-81,-73,-12,-2,-1,-1,-1
-1,-1,-1,-1,-1,-1,-1,-1,-2,-3,-3,-20,-33,-39,-37,-35,-34,-32,-29,-30,-29,-28,-28,-26,-22,-21,-23,-22,-20,-19,-20,-21,-22,-23,-24,-24,-26,-27,-28,-30,-34,-39,-47,23,-4,13,-7,-5,-10,0,3,4,-7,39,40,38,48,65,34,68,-113,-101,-102,-110,-107,-103,-97,-91,-88,-87,-85,-85,-84,-84,-85,-86,-86,-87,-86,-89,-85,-86,-121,114,123,-95,-89,-85,-83,-81,-72,-11,-1,-1,-1,-1
-1,-1,-1,-1,-1,-1,-1,-1,-3,-6,-4,-15,-26,-29,-31,-32,-31,-29,-27,-28,-28,-26,-26,-25,-22,-21,-20,-20,-19,-18,-19,-20,-21,-23,-24,-24,-25,-27,-27,-29,-33,-35,-38,-89,-10,-1,-1,0,-1,-8,-11,37,40,48,65,42,73,-109,-103,-107,-106,-106,-104,-96,-95,-90,-88,-87,-87,-86,-83,-83,-86,-85,-83,-83,-84,-85,-90,-94,-116,117,45,76,120,-89,-87,-85,-83,-81,-71,-9,-1,-1,-1,-1
-1,-1,-1,-1,-1,-1,-1,-1,-1,-1,-1,-9,-22,-23,-26,-28,-27,-27,-27,-25,-25,-25,-24,-23,-22,-22,-21,-20,-20,-20,-19,-20,-22,-23,-24,-24,-25,-26,-27,-29,-32,-36,-47,-38,64,-12,-8,39,38,38,46,70,50,80,-105,-102,-105,-109,-105,-98,-93,-92,-92,-90,-85,-84,-84,-83,-84,-85,-83,-84,-85,-85,-87,-83,-92,-106,87,111,121,103,48,86,124,-93,-89,-85,-83,-81,-70,-9,-1,-1,-1,-1
-1,-1,-1,-1,-1,-1,-1,-1,-1,-1,-1,-7,-18,-19,-23,-26,-25,-25,-25,-24,-24,-24,-24,-23,-22,-21,-21,-20,-21,-20,-20,-21,-22,-23,-24,-24,-25,-26,-27,-29,-32,-33,-36,-41,-51,60,41,49,75,55,64,-104,-105,-108,-109,-105,-98,-93,-90,-86,-84,-84,-83,-82,-84,-84,-84,-83,-84,-85,-84,-85,-85,-85,-88,-83,-98,-69,63,112,-69,109,46,87,124,-91,-89,-87,-83,-81,-69,-9,-1,-1,-1,-1
-1,-1,-1,-1,-1,-1,-1,-1,-1,-2,-2,-4,-12,-17,-19,-22,-23,-23,-23,-23,-23,-23,-23,-23,-21,-21,-21,-22,-22,-22,-22,-23,-22,-23,-24,-24,-25,-26,-27,-27,-31,-34,-33,-35,-19,-99,58,-108,-101,-100,-106,-106,-101,-94,-90,-88,-86,-85,-85,-85,-84,-81,-81,-80,-83,-83,-83,-82,-84,-85,-85,-85,-87,-87,-89,-84,-99,-116,64,120,-62,115,44,90,126,-89,-89,-88,-85,-83,-67,-8,-1,-1,-1,-1
-1,-1,-1,-1,-1,-1,-1,-1,-1,-3,-2,-2,-9,-15,-17,-21,-21,-21,-22,-22,-22,-22,-22,-19,-15,-20,-22,-22,-22,-24,-23,-20,-21,-19,-24,-24,-25,-26,-26,-28,-30,-33,-35,-34,-36,-41,-56,-67,-105,-107,-99,-90,-87,-88,-87,-83,-80,-79,-81,-79,-81,-82,-82,-80,-85,-81,-78,-83,-87,-85,-85,-87,-87,-89,-89,-81,-94,-108,60,67,-120,97,40,92,-125,-88,-89,-88,-85,-84,-65,-7,-1,-1,-1,-1
-1,-1,-1,-1,-1,-1,-1,-1,-1,-3,-2,-2,-9,-13,-16,-19,-19,-21,-23,-21,-21,-21,-28,-64,-67,-45,-25,-19,-12,-23,-24,-20,-26,-26,-22,-23,-24,-25,-25,-28,-30,-31,-32,-35,-38,-44,-44,-58,-90,-90,-88,-83,-82,-82,-82,-81,-82,-83,-84,-82,-82,-82,-81,-79,-78,-96,-117,-109,-84,-85,-88,-87,-85,-87,-89,-81,-90,-111,58,27,64,45,35,97,-121,-89,-89,-88,-85,-85,-63,-6,-1,-1,-1,-1
-1,-1,-1,-1,-1,-1,-1,-1,-1,-2,-2,-2,-8,-11,-14,-17,-19,-19,-21,-21,-21,-22,-21,-99,72,53,46,-115,-71,-41,-22,-19,-21,-24,-23,-23,-24,-25,-24,-26,-29,-30,-30,-33,-35,-40,-41,-56,-82,-81,-79,-79,-79,-79,-80,-81,-81,-82,-84,-78,-74,-76,-84,-100,114,49,91,-125,-84,-85,-86,-85,-85,-85,-85,-79,-115,77,44,53,78,97,42,98,-119,-85,-89,-88,-85,-85,-62,-4,-1,-1,-1,-1
-1,-1,-1,-1,-1,-1,-1,-1,-1,-2,-1,-1,-7,-9,-12,-15,-18,-19,-19,-20,-20,-22,-24,-90,76,33,44,43,54,79,58,-105,-59,-23,-27,-26,-23,-24,-23,-24,-28,-29,-28,-31,-33,-36,-39,-53,-80,-79,-77,-76,-75,-75,-77,-78,-78,-78,-77,-90,-108,-106,-115,114,79,43,105,-120,-81,-85,-82,-84,-84,-81,-79,-79,117,64,48,-106,-111,115,42,100,-117,-84,-88,-88,-85,-84,-61,-4,-1,-1,-1,-1
-1,-1,-1,-1,-1,-1,-1,-1,-1,-1,-1,-2,-4,-9,-12,-15,-17,-18,-19,-20,-20,-22,-20,-86,80,38,-3,0,-1,-4,43,46,51,-72,-17,-25,-23,-23,-24,-25,-27,-28,-29,-32,-34,-36,-37,-47,-79,-78,-75,-75,-75,-75,-78,-79,-77,-86,-90,110,61,-67,-117,48,90,44,106,-115,-81,-86,-84,-83,-83,-83,-85,-83,-98,-115,65,-117,-56,113,44,98,-116,-85,-89,-89,-87,-88,-58,-2,-3,-1,-1,-1
-1,-1,-1,-1,-1,-1,-1,-1,-1,-1,-1,-2,-4,-9,-12,-14,-16,-17,-18,-20,-19,-21,-19,-82,85,36,-9,-7,0,2,-4,2,47,-80,-15,-24,-23,-23,-25,-26,-27,-28,-30,-32,-34,-35,-35,-44,-77,-75,-73,-74,-75,-76,-74,-77,-79,-101,-58,98,60,-110,-53,-74,91,39,108,-113,-83,-85,-85,-83,-83,-83,-84,-83,-90,-110,63,-112,-58,107,47,102,-116,-85,-89,-89,-87,-89,-56,-1,-3,-1,-1,-1
-1,-1,-1,-1,-1,-1,-1,-1,-1,-1,-1,-2,-3,-7,-9,-13,-15,-16,-17,-19,-18,-20,-19,-77,90,37,-11,-11,2,-3,-12,0,1,-82,-18,-23,-23,-23,-25,-26,-27,-28,-28,-30,-33,-32,-33,-42,-74,-73,-71,-72,-74,-75,-74,-77,-79,-99,-49,107,62,-102,-48,-71,95,44,106,-114,-81,-83,-84,-83,-83,-83,-84,-83,-88,-110,62,-117,-117,93,41,100,-116,-85,-89,-89,-87,-88,-55,-1,-2,-1,-1,-1
-1,-1,-1,-1,-1,-1,-1,-1,-1,-1,-1,-2,-3,-7,-9,-12,-15,-15,-16,-18,-17,-20,-19,-73,94,40,-7,-8,9,0,-11,3,5,-84,-18,-23,-23,-23,-25,-26,-27,-28,-28,-30,-32,-31,-31,-40,-72,-72,-69,-71,-72,-73,-77,-79,-76,-99,-104,113,69,-99,-108,107,60,42,106,-114,-81,-84,-84,-84,-84,-84,-83,-84,-90,-56,60,53,82,43,62,112,-112,-85,-89,-88,-87,-88,-52,-1,-2,-1,-1,-1
-1,-1,-1,-1,-1,-1,-1,-1,-1,-1,-1,-2,-3,-7,-9,-12,-15,-16,-18,-19,-18,-21,-19,-71,42,36,-6,-8,6,0,-11,4,1,-86,-16,-23,-22,-25,-25,-25,-25,-26,-27,-28,-31,-29,-30,-39,-70,-71,-69,-69,-70,-71,-74,-78,-76,-99,-102,114,61,59,74,46,40,45,108,-113,-82,-84,-85,-84,-84,-85,-84,-82,-98,108,40,52,75,56,-95,-80,-81,-87,-89,-89,-89,-91,-46,-4,-4,-1,-1,-1
-1,-1,-1,-1,-1,-1,-1,-1,-1,-1,-1,-2,-3,-7,-9,-12,-15,-16,-18,-19,-18,-21,-18,-70,43,37,-6,-7,6,1,-10,5,2,-90,-17,-22,-23,-25,-25,-25,-25,-26,-27,-28,-30,-28,-30,-38,-70,-71,-69,-69,-70,-71,-74,-73,-76,-95,-63,75,34,49,69,93,87,47,111,-110,-80,-83,-84,-84,-84,-82,-82,-81,108,50,35,-109,-77,-73,-72,-85,-88,-88,-89,-89,-87,-85,-44,-2,-2,-1,-1,-1
-1,-1,-1,-1,-1,-1,-1,-1,-1,-1,-1,-2,-3,-7,-9,-12,-15,-16,-18,-19,-18,-21,-16,-68,45,38,-6,-8,5,2,-10,6,2,-95,-17,-21,-23,-25,-25,-25,-25,-26,-27,-28,-30,-27,-28,-37,-70,-71,-69,-69,-70,-71,-75,-72,-73,101,51,45,59,73,-102,-71,98,42,113,-109,-80,-82,-84,-84,-84,-86,-83,-84,-120,-105,-72,-70,-78,-87,-85,-82,-85,-89,-87,-87,-91,-102,-83,-6,-3,-1,-1,-1
-1,-1,-1,-1,-1,-1,-1,-1,-1,-1,-1,-2,-4,-7,-9,-12,-14,-16,-18,-19,-19,-20,-18,-64,103,38,-5,-7,5,3,-10,6,2,-98,-17,-21,-22,-24,-25,-25,-25,-26,-27,-28,-30,-28,-29,-37,-70,-71,-69,-69,-70,-70,-72,-72,-77,50,52,100,69,-95,-96,-68,93,45,110,-107,-79,-82,-83,-84,-84,-84,-82,-84,-76,-70,-76,-80,-86,-89,-90,-89,-89,-87,-90,-99,-111,-122,-101,-9,-2,-2,-2,-1
-1,-1,-1,-1,-1,-1,-1,-1,-1,-2,-2,-2,-7,-8,-9,-12,-14,-16,-19,-18,-20,-19,-20,-60,106,39,-4,-8,5,4,-11,8,2,-100,-17,-21,-23,-24,-25,-25,-25,-26,-27,-28,-29,-30,-31,-37,-68,-71,-69,-69,-69,-69,-71,-73,-79,-101,-91,114,63,-99,-101,-70,85,49,108,-105,-78,-84,-82,-84,-84,-84,-83,-83,-82,-83,-84,-84,-85,-85,-86,-87,-93,-103,-109,-114,-102,-107,-90,-4,-2,-2,-2,-2
-1,-1,-1,-1,-1,-1,-1,-1,-1,-2,-2,-2,-7,-9,-11,-13,-15,-16,-19,-18,-20,-19,-19,-57,108,40,-5,-8,4,3,-10,7,2,-106,-19,-22,-23,-24,-25,-25,-25,-26,-27,-28,-29,-30,-31,-37,-67,-70,-68,-69,-69,-69,-75,-75,-72,-92,-88,112,65,-99,-98,-66,85,43,107,-105,-79,-84,-83,-84,-84,-84,-85,-85,-84,-85,-85,-86,-84,-85,-85,-99,-109,-119,76,-106,-103,-53,-88,-1,-3,-2,-2,-3
-1,-1,-1,-1,-1,-1,-1,-1,-1,-2,-2,-2,-8,-9,-12,-14,-15,-16,-19,-18,-20,-19,-18,-55,110,40,-8,-10,4,3,-10,8,2,-110,-20,-21,-23,-24,-24,-25,-25,-26,-27,-28,-29,-30,-31,-36,-67,-69,-67,-69,-69,-69,-72,-71,-71,-96,-99,105,68,-95,-54,107,55,39,99,-105,-79,-84,-83,-84,-84,-84,-85,-85,-85,-87,-87,-88,-92,-100,-110,-116,-120,-106,-104,-102,-101,-105,-94,-8,-4,-2,-2,-3
-1,-1,-1,-1,-1,-1,-1,-1,-1,-3,-3,-2,-6,-12,-13,-14,-15,-16,-18,-17,-19,-18,-19,-53,61,41,-2,-1,4,4,-12,5,1,-111,-17,-23,-24,-24,-24,-25,-25,-25,-26,-27,-28,-30,-31,-36,-67,-69,-67,-68,-69,-70,-71,-75,-74,-96,-95,107,60,118,71,40,59,95,70,-94,-81,-83,-86,-87,-85,-85,-88,-87,-84,-85,-92,-99,-112,-117,-102,-120,-121,-100,-99,-103,-103,50,90,-59,-6,-6,-4,-4
-1,-1,-1,-1,-1,-1,-1,-1,-1,-2,-2,-3,-9,-9,-15,-18,-17,-17,-18,-18,-19,-18,-19,-52,63,41,-3,-3,5,5,0,4,-3,66,-19,-23,-25,-25,-24,-25,-25,-25,-26,-27,-28,-29,-31,-36,-67,-69,-67,-68,-69,-70,-69,-76,-69,-97,-63,79,30,54,74,70,-91,-76,-76,-83,-83,-84,-83,-83,-84,-84,-85,-85,-88,-100,-110,-119,-101,-101,-102,-101,-48,-50,-107,55,28,16,68,-34,-4,-3,-4,-4
-1,-1,-1,-1,-1,-1,-1,-1,-1,-1,-1,-3,-11,-11,-12,-13,-17,-18,-19,-19,-20,-19,-18,-49,65,42,-6,-10,5,4,-1,0,33,-87,-20,-25,-24,-25,-24,-25,-25,-25,-26,-27,-28,-28,-29,-35,-66,-69,-67,-68,-69,-70,-69,-73,-67,62,55,47,34,-113,-77,-67,-69,-71,-77,-83,-84,-85,-82,-83,-88,-88,-89,-103,-113,-102,-102,-102,-102,-103,-103,-49,-103,61,34,61,57,94,-70,-19,-9,-3,-4,-4
-1,-1,-1,-1,-1,-1,-1,-1,-1,-1,-1,-20,-41,-33,-25,-18,-18,-18,-18,-20,-22,-22,-18,-47,66,42,-7,-14,4,2,-14,0,38,-92,-23,-25,-25,-25,-25,-25,-25,-25,-26,-27,-28,-27,-29,-34,-66,-69,-67,-68,-69,-71,-71,-70,-74,100,101,-101,-83,-69,-65,-74,-82,-81,-77,-83,-85,-84,-83,-88,-96,-106,-114,-117,-119,-117,-101,-102,-102,-105,-105,62,86,60,53,68,115,-78,-42,-27,-21,-10,-9,-8
-1,-1,-1,-1,-1,-1,-2,-3,-2,-3,-3,-24,-59,-55,-47,-41,-34,-28,-19,-18,-22,-26,-20,-46,69,41,-5,-11,3,5,-12,5,-3,78,-19,-24,-25,-27,-25,-25,-26,-27,-28,-28,-28,-29,-30,-34,-64,-67,-67,-68,-70,-72,-70,-72,-81,-85,-76,-66,-70,-75,-77,-78,-82,-83,-83,-83,-84,-85,-92,-102,-112,-118,-118,-117,-118,-103,-104,-101,-101,65,88,64,53,61,106,-89,-49,-42,-35,-29,-23,-15,-9,-4
-1,-1,-1,-1,-1,-1,-2,-3,-3,-2,-3,-23,-57,-57,-59,-59,-55,-50,-46,-35,-30,-26,-20,-44,69,44,-7,-13,2,5,-12,5,-1,75,-20,-24,-24,-27,-26,-26,-27,-28,-28,-28,-28,-29,-30,-34,-64,-67,-67,-68,-70,-72,-75,-76,-76,-70,-65,-72,-78,-78,-78,-79,-84,-83,-82,-83,-92,-105,-115,-119,-118,-118,-119,-119,-101,-100,-104,67,36,63,54,55,90,-99,-56,-49,-38,-35,-33,-27,-20,-14,-9,-4
-1,-1,-1,-1,-1,-1,-3,-4,-2,-3,-4,-21,-55,-56,-58,-59,-57,-60,-63,-61,-54,-44,-34,-50,63,45,-9,-16,0,5,-12,5,-2,69,-20,-23,-25,-26,-26,-27,-29,-29,-28,-28,-28,-29,-30,-34,-64,-67,-67,-68,-70,-72,-75,-75,-73,-73,-79,-81,-76,-80,-81,-82,-82,-87,-93,-105,-113,-118,-119,-118,-116,-117,-102,-103,-104,70,42,62,50,51,90,-108,-55,-45,-43,-43,-41,-31,-30,-23,-18,-13,-8,-3
-1,-1,-1,-1,-1,-1,-5,-6,-3,-3,-4,-20,-61,-66,-63,-61,-66,-60,-59,-64,-65,-65,-61,-69,62,53,41,-14,0,5,-12,3,0,62,-24,-24,-26,-26,-26,-28,-29,-28,-29,-29,-29,-29,-30,-34,-64,-67,-68,-69,-71,-73,-73,-73,-76,-75,-77,-80,-77,-79,-80,-83,-95,-105,-114,-118,-115,-114,-101,-101,-100,-105,-106,68,42,65,51,56,82,-116,-65,-48,-46,-42,-36,-34,-31,-28,-25,-19,-15,-9,-6,-3
-1,-1,-1,-1,-1,-1,-2,-3,-2,-5,-19,-79,-94,-70,-70,-65,-67,-62,-61,-64,-65,-64,-65,-76,57,54,39,-13,0,4,-13,0,0,60,-21,-25,-27,-28,-28,-28,-28,-28,-29,-29,-29,-29,-30,-34,-64,-67,-68,-69,-71,-73,-74,-75,-77,-78,-79,-80,-81,-83,-94,-105,-111,-113,-115,-102,-98,-102,-102,-98,-103,69,96,68,53,51,77,-117,-68,-50,-53,-45,-41,-38,-35,-31,-27,-23,-18,-15,-9,-4,-4,-3
-1,-1,-1,-1,-1,-1,-2,-4,-4,-4,-32,38,18,46,82,-88,-71,-66,-69,-68,-68,-68,-66,-77,111,53,36,38,-1,3,-13,0,0,57,-21,-28,-29,-29,-29,-30,-30,-30,-29,-29,-29,-29,-30,-34,-64,-67,-68,-69,-71,-73,-75,-76,-78,-78,-78,-84,-92,-107,-112,-117,-117,-116,-116,-101,-97,-99,-101,75,98,67,51,51,76,-107,-73,-54,-46,-46,-46,-38,-35,-32,-29,-26,-21,-17,-13,-9,-6,-4,-2,-2
-1,-1,-1,-1,-1,-1,-5,-6,-2,-3,-5,-40,78,14,9,30,60,-87,-84,-71,-69,-69,-68,-78,109,53,34,35,-3,3,-14,-1,9,-102,-38,-31,-29,-30,-29,-30,-30,-30,-29,-29,-29,-29,-30,-34,-64,-67,-68,-69,-71,-73,-75,-76,-78,-83,-94,-106,-115,-115,-114,-113,-114,-100,-105,-104,-102,72,104,70,49,48,65,113,-86,-53,-50,-54,-47,-43,-35,-30,-30,-26,-24,-20,-15,-12,-9,-4,-2,-3,-2,-1
-1,-1,-1,-1,-1,-1,-2,-2,-1,-1,-2,-2,-51,63,83,64,61,12,31,65,-95,-80,-69,-82,104,47,28,-13,-6,0,-14,-3,11,-80,-64,-56,-51,-39,-31,-30,-30,-30,-30,-30,-29,-29,-28,-31,-62,-66,-67,-68,-71,-73,-74,-81,-92,-105,-115,-114,-114,-98,-119,77,-102,-102,-49,-106,49,13,52,47,64,110,-94,-55,-52,-49,-46,-43,-36,-35,-30,-27,-24,-21,-19,-17,-10,-5,-4,-3,-3,-1,-1,-1
-1,-1,-1,-1,-1,-1,-1,-1,-1,-2,-4,-4,-3,-14,-45,-99,49,66,55,7,16,42,77,-96,109,81,65,52,-10,-11,-14,-9,4,-86,-65,-70,-72,-66,-59,-51,-41,-32,-28,-31,-31,-28,-30,-35,-62,-67,-70,-67,-68,-78,-96,-106,-111,-113,-113,-116,-117,-99,-101,-98,-105,-105,56,77,51,50,63,105,-98,-57,-45,-48,-42,-42,-39,-36,-32,-29,-26,-23,-19,-17,-12,-7,-3,-1,-2,-2,-2,-1,-1,-1
-1,-1,-1,-1,-1,-1,-1,-1,-1,-6,-4,-6,-4,-8,-2,-7,-28,-70,75,26,2,53,46,-69,-70,-75,-86,-106,56,23,-5,-3,0,-91,-67,-70,-73,-74,-70,-66,-62,-59,-51,-43,-35,-32,-30,-31,-63,-66,-66,-76,-94,-107,-109,-111,-112,-113,-114,-117,-102,-101,-98,-50,56,78,50,46,57,95,-107,-61,-49,-51,-42,-44,-42,-36,-33,-30,-27,-24,-21,-16,-13,-9,-4,-1,-1,-1,-1,-1,-1,-1,-1,-1
-1,-1,-1,-1,-1,-1,-1,-1,-1,-2,-3,-4,-3,-4,-4,-4,-3,-1,-7,-37,-92,106,-103,-66,-63,-55,-56,-62,-72,-81,-105,51,15,-90,-67,-72,-73,-71,-72,-72,-69,-69,-68,-63,-59,-53,-43,-37,-63,-81,-92,-107,-107,-106,-107,-110,-114,-118,-118,-118,-100,-104,61,76,55,44,52,84,-111,-62,-54,-48,-45,-42,-39,-38,-34,-31,-28,-25,-24,-19,-16,-11,-7,-4,-2,-1,-3,-3,-1,-1,-1,-1,-1,-1
-1,-1,-1,-1,-1,-1,-1,-1,-1,-1,-1,-1,-1,-2,-2,-2,-3,-3,-2,-6,-5,-17,-49,-88,-100,-80,-66,-64,-61,-64,-60,-63,-83,-79,-74,-68,-72,-74,-72,-72,-71,-70,-70,-70,-71,-69,-62,-56,-78,-102,-104,-107,-109,-111,-110,-111,-117,-120,-119,-105,63,79,51,45,56,84,-66,-74,-50,-51,-52,-44,-41,-37,-33,-31,-29,-27,-24,-22,-21,-14,-8,-3,-3,-3,-2,-1,-1,-1,-1,-1,-1,-1,-1,-1
-1,-1,-1,-1,-1,-1,-1,-1,-1,-1,-1,-1,-1,-3,-2,-2,-2,-1,-1,-5,-8,-5,-3,-36,-102,115,70,-98,-75,-60,-61,-61,-81,-102,-93,-83,-78,-76,-74,-71,-70,-71,-73,-72,-72,-75,-71,-69,-95,-107,-104,-108,-109,-112,-116,-116,-116,-101,68,83,53,43,50,77,-57,-74,-52,-48,-48,-44,-41,-39,-36,-32,-29,-26,-23,-21,-18,-16,-9,-6,-2,-2,-2,-2,-1,-1,-1,-1,-1,-1,-1,-1,-1,-1
-1,-1,-1,-1,-1,-1,-1,-1,-1,-1,-1,-1,-1,-2,-2,-1,-1,-2,-2,-7,-5,-8,-10,-2,-7,-42,-95,115,106,-118,-85,-74,113,52,22,56,-110,-85,-77,-77,-78,-77,-76,-75,-73,-70,-69,-72,-98,-104,-105,-109,-109,-112,-115,-113,68,86,58,48,48,70,67,-79,-57,-54,-49,-47,-46,-40,-36,-34,-30,-28,-24,-21,-17,-15,-12,-9,-4,-4,-4,-2,-1,-1,-1,-1,-1,-1,-1,-1,-1,-1,-1,-1
-1,-1,-1,-1,-1,-1,-1,-1,-1,-1,-1,-1,-1,-1,-1,-1,-1,-1,-1,-2,-1,-2,-4,-2,-2,-1,-1,-14,-56,-114,105,116,76,39,43,56,61,33,66,-99,-85,-79,-75,-75,-76,-75,-74,-72,-92,-101,-106,-110,-110,-98,74,88,57,50,50,64,111,-88,-57,-55,-51,-48,-46,-41,-36,-33,-31,-28,-24,-22,-21,-18,-13,-8,-6,-4,-2,-3,-4,-2,-1,-1,-1,-1,-1,-1,-1,-1,-1,-1,-1,-1
-1,-1,-1,-1,-1,-1,-1,-1,-1,-1,-1,-1,-1,-1,-1,-1,-1,-1,-1,-1,-1,-1,-1,-1,-1,-1,-1,-1,-1,-7,-35,-85,-121,108,85,67,54,51,-4,11,40,81,-94,-77,-77,-77,-74,-74,-103,-106,-104,-108,-105,40,62,42,50,61,106,-93,-58,-52,-50,-46,-46,-42,-38,-33,-30,-27,-24,-21,-18,-15,-13,-11,-8,-3,-2,-2,-1,-1,-1,-1,-1,-1,-1,-1,-1,-1,-1,-1,-1,-1,-1,-1
-1,-1,-1,-1,-1,-1,-1,-1,-1,-1,-1,-1,-1,-1,-1,-1,-1,-1,-1,-1,-1,-1,-1,-1,-1,-1,-1,-2,-2,-1,-1,-4,-10,-19,-40,-74,78,90,61,46,-6,3,19,51,-97,-89,-76,-78,-98,-103,-104,96,60,45,46,58,96,-102,-61,-53,-49,-48,-43,-39,-35,-30,-26,-23,-19,-17,-16,-14,-11,-8,-4,-3,-2,-2,-1,-1,-1,-1,-1,-1,-1,-1,-1,-1,-1,-1,-1,-1,-1,-1,-1,-1
-1,-1,-1,-1,-1,-1,-1,-1,-1,-1,-1,-1,-1,-1,-1,-1,-1,-1,-1,-1,-1,-1,-1,-1,-1,-1,-1,-1,-2,-3,-4,-3,-5,-3,-2,-8,-16,-40,-80,-60,82,54,49,-3,6,26,62,-89,-95,50,10,49,43,57,89,-109,-67,-57,-51,-49,-43,-37,-33,-29,-25,-21,-17,-15,-12,-9,-9,-8,-4,-4,-4,-3,-1,-2,-1,-1,-1,-1,-1,-1,-1,-1,-1,-1,-1,-1,-1,-1,-1,-1,-1,-1
-1,-1,-1,-1,-1,-1,-1,-1,-1,-1,-1,-1,-1,-1,-1,-1,-1,-1,-1,-1,-1,-1,-1,-1,-1,-1,-1,-1,-1,-2,-1,-2,-2,-2,-2,-3,-3,-2,-9,-20,-55,-104,104,69,58,53,-2,8,8,48,53,58,81,-114,-67,-52,-50,-48,-41,-34,-26,-21,-20,-18,-13,-11,-9,-6,-4,-4,-3,-3,-2,-2,-3,-2,-2,-1,-1,-1,-1,-1,-1,-1,-1,-1,-1,-1,-1,-1,-1,-1,-1,-1,-1,-1
-1,-1,-1,-1,-1,-1,-1,-1,-1,-1,-1,-1,-1,-1,-1,-1,-1,-1,-1,-1,-1,-1,-1,-1,-1,-1,-1,-1,-1,-1,-1,-1,-3,-3,-2,-3,-4,-3,-15,-19,-9,-8,-35,-76,72,83,60,48,54,58,79,-54,-71,-49,-43,-38,-28,-21,-18,-13,-9,-6,-6,-5,-4,-3,-3,-3,-3,-3,-2,-2,-2,-2,-2,-2,-2,-1,-1,-1,-1,-1,-1,-1,-1,-1,-1,-1,-1,-1,-1,-1,-1,-1,-1,-1
-1,-1,-1,-1,-1,-1,-1,-1,-1,-1,-1,-1,-1,-1,-1,-1,-1,-1,-1,-1,-1,-1,-1,-1,-1,-1,-1,-1,-1,-1,-1,-1,-2,-2,-2,-1,-2,-2,-7,-7,-5,-7,-6,-4,-21,-47,-92,118,104,-119,-74,-38,-28,-25,-18,-13,-6,-3,-3,-2,-1,-1,-1,-1,-1,-1,-1,-2,-2,-2,-2,-2,-2,-2,-2,-2,-2,-1,-1,-1,-1,-1,-1,-1,-1,-1,-1,-1,-1,-1,-1,-1,-1,-1,-1,-1
-1,-1,-1,-1,-1,-1,-1,-1,-1,-1,-1,-1,-1,-1,-1,-1,-1,-1,-1,-1,-1,-1,-1,-1,-1,-1,-1,-1,-1,-1,-1,-1,-1,-1,-1,-1,-1,-1,-4,-5,-3,-5,-7,-3,-4,-2,-5,-21,-26,-14,-8,-10,-8,-5,-1,-1,-2,-3,-2,-3,-4,-5,-4,-3,-4,-3,-2,-2,-2,-2,-2,-2,-2,-2,-2,-2,-2,-1,-1,-1,-1,-1,-1,-1,-1,-1,-1,-1,-1,-1,-1,-1,-1,-1,-1,-1
-1,-1,-1,-1,-1,-1,-1,-1,-1,-1,-1,-1,-1,-1,-1,-1,-1,-1,-1,-1,-1,-1,-1,-1,-1,-1,-1,-1,-1,-1,-1,-1,-1,-1,-1,-1,-1,-1,-1,-1,-1,-1,-1,-1,-1,-2,-2,-2,-1,-1,-1,-1,-2,-2,-2,-2,-2,-2,-2,-2,-2,-2,-2,-2,-2,-2,-2,-1,-1,-1,-1,-1,-1,-1,-1,-1,-1,-1,-1,-1,-1,-1,-1,-1,-1,-1,-1,-1,-1,-1,-1,-1,-1,-1,-1,-1
-1,-1,-1,-1,-1,-1,-1,-1,-1,-1,-1,-1,-1,-1,-1,-1,-1,-1,-1,-1,-1,-1,-1,-1,-1,-1,-1,-1,-1,-1,-1,-1,-1,-1,-1,-1,-1,-1,-1,-1,-1,-1,-1,-1,-1,-1,-2,-3,-3,-2,-1,-2,-2,-2,-2,-2,-2,-2,-2,-2,-2,-2,-2,-2,-2,-2,-2,-1,-1,-1,-1,-1,-1,-1,-1,-1,-1,-1,-1,-1,-1,-1,-1,-1,-1,-1,-1,-1,-1,-1,-1,-1,-1,-1,-1,-1
-1,-1,-1,-1,-1,-1,-1,-1,-1,-1,-1,-1,-1,-1,-1,-1,-1,-1,-1,-1,-1,-1,-1,-1,-1,-1,-1,-1,-1,-1,-1,-1,-1,-1,-1,-1,-1,-1,-1,-1,-1,-1,-1,-1,-1,-1,-1,-2,-2,-1,-1,-2,-2,-2,-2,-2,-2,-2,-2,-2,-2,-2,-2,-2,-2,-2,-2,-1,-1,-1,-1,-1,-1,-1,-1,-1,-1,-1,-1,-1,-1,-1,-1,-1,-1,-1,-1,-1,-1,-1,-1,-1,-1,-1,-1,-1
-1,-1,-1,-1,-1,-1,-1,-1,-1,-1,-1,-1,-1,-1,-1,-1,-1,-1,-1,-1,-1,-1,-1,-1,-1,-1,-1,-1,-1,-1,-1,-1,-1,-1,-1,-1,-1,-1,-1,-1,-1,-1,-1,-1,-1,-1,-1,-1,-1,-1,-1,-1,-1,-1,-1,-1,-1,-1,-1,-1,-1,-1,-1,-1,-1,-1,-1,-1,-1,-1,-1,-1,-1,-1,-1,-1,-1,-1,-1,-1,-1,-1,-1,-1,-1,-1,-1,-1,-1,-1,-1,-1,-1,-1,-1,-1
-1,-1,-1,-1,-1,-1,-1,-1,-1,-1,-1,-1,-1,-1,-1,-1,-1,-1,-1,-1,-1,-1,-1,-1,-1,-1,-1,-1,-1,-1,-1,-1,-1,-1,-1,-1,-1,-1,-1,-1,-1,-1,-1,-1,-1,-1,-1,-1,-1,-1,-1,-1,-1,-1,-1,-1,-1,-1,-1,-1,-1,-1,-1,-1,-1,-1,-1,-1,-1,-1,-1,-1,-1,-1,-1,-1,-1,-1,-1,-1,-1,-1,-1,-1,-1,-1,-1,-1,-1,-1,-1,-1,-1,-1,-1,-1
-1,-1,-1,-1,-1,-1,-1,-1,-1,-1,-1,-1,-1,-1,-1,-1,-1,-1,-1,-1,-1,-1,-1,-1,-1,-1,-1,-1,-1,-1,-1,-1,-1,-1,-1,-1,-1,-1,-1,-1,-1,-1,-1,-1,-1,-1,-1,-1,-1,-1,-1,-1,-1,-1,-1,-1,-1,-1,-1,-1,-1,-1,-1,-1,-1,-1,-1,-1,-1,-1,-1,-1,-1,-1,-1,-1,-1,-1,-1,-1,-1,-1,-1,-1,-1,-1,-1,-1,-1,-1,-1,-1,-1,-1,-1,-1
-1,-1,-1,-1,-1,-1,-1,-1,-1,-1,-1,-1,-1,-1,-1,-1,-1,-1,-1,-1,-1,-1,-1,-1,-1,-1,-1,-1,-1,-1,-1,-1,-1,-1,-1,-1,-1,-1,-1,-1,-1,-1,-1,-1,-1,-1,-1,-1,-1,-1,-1,-1,-1,-1,-1,-1,-1,-1,-1,-1,-1,-1,-1,-1,-1,-1,-1,-1,-1,-1,-1,-1,-1,-1,-1,-1,-1,-1,-1,-1,-1,-1,-1,-1,-1,-1,-1,-1,-1,-1,-1,-1,-1,-1,-1,-1
-1,-1,-1,-1,-1,-1,-1,-1,-1,-1,-1,-1,-1,-1,-1,-1,-1,-1,-1,-1,-1,-1,-1,-1,-1,-1,-1,-1,-1,-1,-1,-1,-1,-1,-1,-1,-1,-1,-1,-1,-1,-1,-1,-1,-1,-1,-1,-1,-1,-1,-1,-1,-1,-1,-1,-1,-1,-1,-1,-1,-1,-1,-1,-1,-1,-1,-1,-1,-1,-1,-1,-1,-1,-1,-1,-1,-1,-1,-1,-1,-1,-1,-1,-1,-1,-1,-1,-1,-1,-1,-1,-1,-1,-1,-1,-1
