-1,-1,-1,-1,-1,-1,-1,-1,-1,
-1,-1,-1,-1,-1,-1,-1,-1,-1,
-1,-1,-1,-1,-1,-1,-1,-1,-1,
-1,-1,-1,-1,-1,-1,-1,-1,-1,
-1,-1,-1,-1,-1,-1,-1,-1,-1,
-1,-1,-1,-1,-1,-1,-1,-1,-1,
-1,-1,-1,-1,-1,-1,-1,-1,-1,
-1,-1,-1,-1,-1,-1,-1,-1,-1,
-1,-1,-1,-1,-1,-1,-1,-1,-1,
-1,-1,-1,-1,-1,-1,-1,-1,-1,
-1,-1,-1,-1,-1,-1,-1,-1,-1,
-1,-1,-1,-1,-1,-1,-1,-1,-1,
-1,-1,-1,-1,-1,-1,-1,-1,-1,
-1,-1,-1,-1,-1,-1,-1,-1,-1,
-1,-1,-1,-1,-1,-1,-1,-1,-1,
-1,-1,-3,-1,-1,-2,-1,-1,-1,
-3,-3,-2,-2,-2,-2,-1,-1,-1,
-2,-2,-2,-2,-2,-2,-1,-1,-1,
-2,-2,-2,-2,-1,-1,-1,-1,-2,
-2,-2,-2,-1,-2,-2,-2,-3,-3,
-2,-2,-3,-2,-3,-3,-3,-3,-4,
-3,-4,-4,-3,-3,-4,-4,-4,-3,
-4,-2,-2,-4,-2,-2,-3,-3,-2,
-2,-3,-3,-2,-2,-2,-2,-2,-2,
-3,-3,-4,-2,-2,-2,-2,-2,-2,
-4,-2,-2,-2,-2,-2,-2,-3,-3,
-2,-2,-2,-2,-2,-2,-3,-2,-2,
-2,-2,-2,-2,-2,-2,-2,-2,-3,
-2,-3,-3,-2,-2,-2,-3,-3,-3,
-3,-3,-2,-2,-2,-1,-3,-3,-4,
-2,-2,-3,-1,-2,-3,-4,-6,-8,
-3,-3,-6,-3,-5,-8,-8,-8,-8,
-6,-3,-4,-8,-3,-5,-8,-20,-28,
-4,-7,-6,-5,-6,-5,-28,-31,-49,
-6,-5,-7,-5,-2,-3,-49,-57,-50,
-7,-11,-9,-3,-3,-3,-50,-33,-25,
-9,-5,-5,-3,-5,-6,-25,-31,-11,
-5,-8,-8,-6,-4,-6,-11,-5,-8,
-8,-6,-5,-6,-4,-3,-8,-4,-2,
-5,-2,-3,-3,-2,-2,-2,-1,-2,
-3,-3,-4,-2,-2,-2,-2,-2,-1,
-4,-1,-1,-2,-1,-1,-1,-1,-1,
-1,-1,-1,-1,-1,-1,-1,-1,-1,
-1,-1,-1,-1,-1,-1,-1,-1,-1,
-1,-1,-1,-1,-1,-1,-1,-1,-1,
-1,-1,-1,-1,-1,-1,-1,-1,-1,
-1,-1,-1,-1,-1,-1,-1,-1,-1,
-1,-1,-2,-1,-1,-2,-1,-1,-2,
-1,-1,-1,-1,-1,-1,-1,-1,-1,
-1,-1,-1,-1,-1,-1,-1,-1,-1,
-1,-1,-1,-1,-1,-1,-1,-1,-1,
-1,-1,-1,-1,-1,-1,-1,-1,-1,
-1,-1,-1,-1,-1,-1,-1,-1,-1,
-1,-1,-1,-1,-1,-1,-1,-1,-1,
-1,-1,-1,-1,-1,-1,-1,-1,-1,
-1,-1,-1,-1,-1,-1,-1,-1,-1,
-1,-1,-1,-1,-1,-1,-1,-1,-1,
-1,-1,-1,-1,-1,-1,-1,-1,-1,
-1,-1,-1,-1,-1,-1,-1,-1,-2,
-1,-1,-1,-1,-1,-1,-2,-2,-2,
-1,-1,-1,-1,-1,-1,-2,-2,-1,
-1,-1,-1,-1,-1,-1,-1,-1,-1,
-1,-1,-1,-1,-1,-1,-1,-1,-1,
-1,-1,-1,-1,-1,-2,-1,-1,-1,
-1,-1,-1,-2,-2,-1,-1,-1,-1,
-1,-1,-1,-1,-1,-2,-1,-2,-3,
-1,-1,-2,-2,-1,-5,-3,-4,-8,
-2,-3,-3,-5,-6,-5,-8,-9,-8,
-3,-3,-4,-5,-4,-3,-8,-8,-8,
-4,-4,-3,-3,-4,-5,-8,-6,-7,
-3,-3,-2,-5,-6,-4,-7,-7,-4,
-2,-2,-2,-4,-3,-3,-4,-3,-2,
-2,-2,-2,-3,-2,-2,-2,-1,-1,
-2,-3,-3,-2,-4,-4,-1,-3,-3,
-3,-2,-2,-4,-3,-4,-3,-2,-4,
-2,-2,-3,-4,-5,-6,-4,-5,-6,
-3,-3,-3,-6,-4,-2,-6,-13,-23,
-3,-3,-4,-2,-2,-1,-23,-28,-41,
-4,-6,-8,-1,-2,-4,-41,-53,-66,
-8,-8,-8,-4,-4,-1,-66,-81,-101,
-8,-20,-28,-1,-115,48,-101,74,-109,
-28,-31,-49,48,-5,39,-109,67,62,
-49,-57,-50,39,41,53,62,68,48,
-50,-33,-25,53,18,18,48,55,68,
-25,-31,-11,18,30,-89,68,48,13,
-11,-5,-8,-89,-76,-9,13,7,-91,
-8,-4,-2,-9,-4,-4,-91,-8,-7,
-2,-1,-2,-4,-4,-5,-7,-7,-7,
-2,-2,-1,-5,-4,-2,-7,-6,-2,
-1,-1,-1,-2,-1,-1,-2,-1,-1,
-1,-1,-1,-1,-1,-1,-1,-1,-1,
-1,-1,-1,-1,-1,-1,-1,-1,-1,
-1,-1,-1,-1,-1,-1,-1,-1,-1,
-1,-1,-1,-1,-1,-1,-1,-1,-1,
-1,-1,-1,-1,-1,-1,-1,-1,-1,
-1,-1,-2,-1,-1,-2,-1,-1,-2,
-1,-1,-1,-1,-1,-1,-1,-1,-1,
-1,-1,-1,-1,-1,-1,-1,-1,-1,
-1,-1,-1,-1,-1,-1,-1,-1,-1,
-1,-1,-1,-1,-1,-1,-1,-1,-1,
-1,-1,-1,-1,-1,-1,-1,-1,-1,
-1,-1,-1,-1,-1,-1,-1,-1,-1,
-1,-1,-1,-1,-1,-1,-1,-1,-1,
-1,-1,-1,-1,-1,-1,-1,-1,-1,
-1,-1,-1,-1,-1,-1,-1,-1,-1,
-1,-1,-1,-1,-1,-1,-1,-1,-1,
-1,-1,-2,-1,-1,-2,-1,-1,-3,
-2,-2,-2,-2,-3,-3,-3,-3,-4,
-2,-2,-1,-3,-3,-2,-4,-3,-2,
-1,-1,-1,-2,-2,-2,-2,-2,-1,
-1,-1,-1,-2,-2,-2,-1,-1,-1,
-1,-1,-1,-2,-2,-2,-1,-1,-1,
-1,-1,-1,-2,-2,-4,-1,-1,-1,
-1,-2,-3,-4,-5,-7,-1,-5,-10,
-3,-4,-8,-7,-10,-3,-10,-14,-20,
-8,-9,-8,-3,-3,-2,-20,-30,-41,
-8,-8,-8,-2,-2,-2,-41,-50,-62,
-8,-6,-7,-2,-1,-2,-62,-82,-97,
-7,-7,-4,-2,-6,-10,-97,-89,84,
-4,-3,-2,-10,-16,-24,84,73,63,
-2,-1,-1,-24,-29,-41,63,58,45,
-1,-3,-3,-41,-57,-71,45,35,30,
-3,-2,-4,-71,-91,-97,30,26,19,
-4,-5,-6,-97,74,76,19,19,14,
-6,-13,-23,76,66,50,14,10,13,
-23,-28,-41,50,36,37,13,9,9,
-41,-53,-66,37,28,21,9,13,7,
-66,-81,-101,21,11,4,7,6,0,
-101,74,-109,4,66,-11,0,46,-15,
-109,67,62,-11,-3,-2,-15,-5,-3,
62,68,48,-2,-3,-49,-3,-6,-58,
48,55,68,-49,-75,-64,-58,-76,-66,
68,48,13,-64,72,2,-66,76,3,
13,7,-91,2,11,18,3,3,7,
-91,-8,-7,18,-53,-6,7,50,-25,
-7,-7,-7,-6,-6,-4,-25,-7,-4,
-7,-6,-2,-4,-6,-2,-4,-6,-2,
-2,-1,-1,-2,-1,-1,-2,-1,-1,
-1,-1,-1,-1,-1,-1,-1,-1,-1,
-1,-1,-1,-1,-1,-1,-1,-1,-1,
-1,-1,-1,-1,-1,-1,-1,-1,-1,
-1,-1,-1,-1,-1,-1,-1,-1,-1,
-1,-1,-1,-1,-1,-1,-1,-1,-1,
-1,-1,-2,-1,-1,-2,-1,-1,-2,
-1,-1,-1,-1,-1,-1,-1,-1,-1,
-1,-1,-1,-1,-1,-1,-1,-1,-1,
-1,-1,-1,-1,-1,-1,-1,-1,-1,
-1,-1,-1,-1,-1,-1,-1,-1,-1,
-1,-1,-1,-1,-1,-1,-1,-1,-1,
-1,-1,-1,-1,-1,-1,-1,-1,-1,
-1,-1,-1,-1,-1,-1,-1,-1,-1,
-1,-1,-1,-1,-1,-1,-1,-1,-1,
-1,-1,-1,-1,-1,-1,-1,-1,-1,
-1,-1,-1,-1,-2,-10,-1,-5,-7,
-1,-1,-3,-10,-13,-6,-7,-7,-12,
-3,-3,-4,-6,-7,-4,-12,-76,-92,
-4,-3,-2,-4,-10,-7,-92,-100,-97,
-2,-2,-1,-7,-13,-14,-97,69,74,
-1,-1,-1,-14,-20,-33,74,79,89,
-1,-1,-1,-33,-50,-66,89,60,49,
-1,-1,-1,-66,-72,-88,49,72,64,
-1,-5,-10,-88,-99,-102,64,36,53,
-10,-14,-20,-102,86,62,53,56,32,
-20,-30,-41,62,64,61,32,29,48,
-41,-50,-62,61,46,48,48,27,16,
-62,-82,-97,48,52,36,16,38,25,
-97,-89,84,36,31,37,25,22,43,
84,73,63,37,23,22,43,25,29,
63,58,45,22,24,13,29,34,30,
45,35,30,13,21,19,30,30,30,
30,26,19,19,14,26,30,23,14,
19,19,14,26,16,26,14,22,11,
14,10,13,26,23,22,11,14,16,
13,9,9,22,24,15,16,14,17,
9,13,7,15,20,13,17,9,19,
7,6,0,13,6,-3,19,7,-2,
0,46,-15,-3,45,-22,-2,43,-29,
-15,-5,-3,-22,-17,-13,-29,-25,-20,
-3,-6,-58,-13,-12,-60,-20,-18,-61,
-58,-76,-66,-60,-74,-67,-61,-75,-68,
-66,76,3,-67,69,7,-68,62,4,
3,3,7,7,5,10,4,15,8,
7,50,-25,10,6,-91,8,4,4,
-25,-7,-4,-91,-8,-3,4,-66,-5,
-4,-6,-2,-3,-5,-5,-5,-6,-6,
-2,-1,-1,-5,-2,-1,-6,-4,-2,
-1,-1,-1,-1,-2,-1,-2,-2,-1,
-1,-1,-1,-1,-1,-1,-1,-1,-1,
-1,-1,-1,-1,-1,-1,-1,-1,-1,
-1,-1,-1,-1,-1,-1,-1,-1,-1,
-1,-1,-1,-1,-1,-1,-1,-1,-1,
-1,-1,-2,-1,-1,-2,-1,-1,-2,
-1,-1,-1,-1,-1,-1,-1,-1,-1,
-1,-1,-1,-1,-1,-1,-1,-1,-1,
-1,-1,-1,-1,-1,-1,-1,-1,-1,
-1,-1,-1,-1,-1,-1,-1,-1,-1,
-1,-1,-1,-1,-1,-1,-1,-1,-1,
-1,-1,-1,-1,-1,-1,-1,-1,-1,
-1,-1,-1,-1,-1,-1,-1,-1,-1,
-1,-1,-1,-1,-1,-1,-1,-1,-1,
-1,-1,-1,-1,-1,-1,-1,-1,-1,
-1,-5,-7,-1,-5,-6,-1,-8,-3,
-7,-7,-12,-6,-2,-76,-3,-26,28,
-12,-76,-92,-76,0,21,28,-11,7,
-92,-100,-97,21,44,63,7,1,34,
-97,69,74,63,75,45,34,68,45,
74,79,89,45,29,61,45,28,60,
89,60,49,61,43,16,60,75,46,
49,72,64,16,44,53,46,33,63,
64,36,53,53,22,24,63,62,15,
53,56,32,24,55,43,15,32,60,
32,29,48,43,27,50,60,21,17,
48,27,16,50,54,32,17,50,35,
16,38,25,32,31,50,35,28,42,
25,22,43,50,24,24,42,40,35,
43,25,29,24,40,18,35,37,36,
29,34,30,18,21,34,36,22,20,
30,30,30,34,16,29,20,23,9,
30,23,14,29,25,25,9,23,20,
14,22,11,25,25,18,20,16,19,
11,14,16,18,20,13,19,16,22,
16,14,17,13,20,11,22,14,16,
17,9,19,11,14,8,16,14,9,
19,7,-2,8,14,0,9,9,9,
-2,43,-29,0,15,-65,9,-12,47,
-29,-25,-20,-65,-34,-28,47,-48,-34,
-20,-18,-61,-28,-26,-66,-34,-34,-70,
-61,-75,-68,-66,-78,-71,-70,-79,-72,
-68,62,4,-71,70,1,-72,64,4,
4,15,8,1,12,8,4,1,11,
8,4,4,8,13,3,11,6,13,
4,-66,-5,3,29,-33,13,-3,69,
-5,-6,-6,-33,-5,-8,69,-11,-5,
-6,-4,-2,-8,-3,-2,-5,-3,-2,
-2,-2,-1,-2,-2,-1,-2,-2,-1,
-1,-1,-1,-1,-1,-1,-1,-1,-1,
-1,-1,-1,-1,-1,-1,-1,-1,-1,
-1,-1,-1,-1,-1,-1,-1,-1,-1,
-1,-1,-1,-1,-1,-1,-1,-1,-1,
-1,-1,-2,-1,-1,-2,-1,-1,-2,
-1,-1,-1,-1,-1,-1,-1,-1,-1,
-1,-1,-1,-1,-1,-1,-1,-1,-1,
-1,-1,-1,-1,-1,-1,-1,-1,-1,
-1,-1,-1,-1,-1,-1,-1,-1,-1,
-1,-1,-1,-1,-1,-1,-1,-1,-1,
-1,-1,-1,-1,-1,-1,-1,-1,-1,
-1,-1,-1,-1,-1,-1,-1,-1,-1,
-1,-1,-1,-1,-1,-1,-1,-1,-1,
-1,-1,-1,-1,-2,-3,-1,-2,-2,
-1,-8,-3,-3,-12,-6,-2,-3,-53,
-3,-26,28,-6,82,-7,-53,56,42,
28,-11,7,-7,53,59,42,-80,58,
7,1,34,59,10,20,58,-5,0,
34,68,45,20,49,64,0,33,73,
45,28,60,64,31,18,73,62,39,
60,75,46,18,60,49,39,41,65,
46,33,63,49,17,41,65,47,14,
63,62,15,41,62,40,14,46,52,
15,32,60,40,35,52,52,19,26,
60,21,17,52,55,29,26,58,40,
17,50,35,29,33,51,40,27,44,
35,28,42,51,25,14,44,47,29,
42,40,35,14,38,22,29,33,41,
35,37,36,22,24,37,41,27,21,
36,22,20,37,26,28,21,27,14,
20,23,9,28,29,26,14,24,24,
9,23,20,26,21,22,24,22,28,
20,16,19,22,19,15,28,19,21,
19,16,22,15,17,10,21,16,15,
22,14,16,10,18,12,15,11,19,
16,14,9,12,14,18,19,8,6,
9,9,9,18,7,12,6,13,4,
9,-12,47,12,0,44,4,8,-2,
47,-48,-34,44,-90,-40,-2,11,-80,
-34,-34,-70,-40,-44,-68,-80,-48,-71,
-70,-79,-72,-68,-75,-70,-71,-76,-72,
-72,64,4,-70,57,5,-72,59,-2,
4,1,11,5,6,3,-2,13,3,
11,6,13,3,11,10,3,11,9,
13,-3,69,10,9,1,9,4,4,
69,-11,-5,1,-91,-5,4,8,-48,
-5,-3,-2,-5,-5,-3,-48,-1,-7,
-2,-2,-1,-3,-4,-3,-7,-9,-2,
-1,-1,-1,-3,-2,-2,-2,-2,-2,
-1,-1,-1,-2,-2,-1,-2,-2,-1,
-1,-1,-1,-1,-1,-1,-1,-1,-1,
-1,-1,-1,-1,-1,-1,-1,-1,-1,
-1,-1,-2,-1,-1,-2,-1,-1,-2,
-1,-1,-1,-1,-1,-1,-1,-1,-1,
-1,-1,-1,-1,-1,-1,-1,-1,-1,
-1,-1,-1,-1,-1,-1,-1,-1,-1,
-1,-1,-1,-1,-1,-1,-1,-1,-1,
-1,-1,-1,-1,-1,-1,-1,-1,-1,
-1,-1,-1,-1,-1,-1,-1,-1,-1,
-1,-1,-1,-1,-1,-1,-1,-3,-2,
-1,-1,-1,-1,-1,-1,-2,-2,-2,
-1,-2,-2,-1,-1,-1,-2,-5,-3,
-2,-3,-53,-1,-11,44,-3,-95,-11,
-53,56,42,44,7,-95,-11,70,-101,
42,-80,58,-95,-119,-105,-101,58,61,
58,-5,0,-105,26,9,61,-96,-3,
0,33,73,9,5,32,-3,9,33,
73,62,39,32,65,30,33,58,67,
39,41,65,30,19,58,67,37,18,
65,47,14,58,65,44,18,55,39,
14,46,52,44,39,64,39,12,38,
52,19,26,64,56,26,38,55,37,
26,58,40,26,32,47,37,32,51,
40,27,44,47,14,20,51,54,27,
44,47,29,20,44,30,27,31,43,
29,33,41,30,30,38,43,18,20,
41,27,21,38,33,31,20,35,21,
21,27,14,31,31,32,21,26,29,
14,24,24,32,20,22,29,24,32,
24,22,28,22,20,9,32,21,17,
28,19,21,9,23,18,17,15,18,
21,16,15,18,22,26,18,8,14,
15,11,19,26,17,19,14,19,7,
19,8,6,19,11,7,7,19,13,
6,13,4,7,8,4,13,13,8,
4,8,-2,4,1,8,8,5,6,
-2,11,-80,8,-8,36,6,4,40,
-80,-48,-71,36,-60,-72,40,78,-72,
-71,-76,-72,-72,-78,-75,-72,-78,-73,
-72,59,-2,-75,60,4,-73,53,1,
-2,13,3,4,3,13,1,1,0,
3,11,9,13,-3,11,0,7,0,
9,4,4,11,3,5,0,14,3,
4,8,-48,5,0,41,3,14,-3,
-48,-1,-7,41,-15,-4,-3,-114,-2,
-7,-9,-2,-4,-3,-1,-2,-3,-6,
-2,-2,-2,-1,-2,-2,-6,-3,-2,
-2,-2,-1,-2,-2,-1,-2,-2,-1,
-1,-1,-1,-1,-1,-1,-1,-1,-1,
-1,-1,-1,-1,-1,-1,-1,-1,-1,
-1,-1,-2,-1,-1,-2,-1,-1,-2,
-1,-1,-1,-1,-1,-1,-1,-1,-1,
-1,-1,-1,-1,-1,-1,-1,-1,-1,
-1,-1,-1,-1,-1,-1,-1,-1,-1,
-1,-1,-1,-1,-1,-1,-1,-1,-1,
-1,-1,-1,-1,-1,-1,-1,-1,-1,
-1,-1,-1,-1,-1,-3,-1,-1,-1,
-1,-3,-2,-3,-5,-3,-1,-2,-2,
-2,-2,-2,-3,-4,-5,-2,-6,-5,
-2,-5,-3,-5,-11,-42,-5,-10,62,
-3,-95,-11,-42,14,26,62,0,-107,
-11,70,-101,26,-88,-118,-107,-108,-115,
-101,58,61,-118,57,115,-115,53,117,
61,-96,-3,115,-103,45,117,-106,-91,
-3,9,33,45,1,3,-91,10,13,
33,58,67,3,32,66,13,21,39,
67,37,18,66,46,40,39,52,26,
18,55,39,40,47,59,26,18,50,
39,12,38,59,44,23,50,45,35,
38,55,37,23,45,48,35,43,55,
37,32,51,48,16,31,55,44,26,
51,54,27,31,48,30,26,32,43,
27,31,43,30,32,43,43,17,24,
43,18,20,43,39,31,24,36,22,
20,35,21,31,25,33,22,31,33,
21,26,29,33,18,16,33,33,28,
29,24,32,16,24,14,28,23,23,
32,21,17,14,23,21,23,15,18,
17,15,18,21,24,21,18,14,17,
18,8,14,21,18,16,17,24,13,
14,19,7,16,13,11,13,23,16,
7,19,13,11,4,14,16,11,11,
13,13,8,14,5,9,11,10,5,
8,5,6,9,9,8,5,8,6,
6,4,40,8,8,3,6,3,14,
40,78,-72,3,6,85,14,7,7,
-72,-78,-73,85,-105,72,7,2,-4,
-73,53,1,72,25,7,-4,7,5,
1,1,0,7,7,0,5,9,10,
0,7,0,0,5,6,10,4,7,
0,14,3,6,3,8,7,2,9,
3,14,-3,8,0,9,9,7,1,
-3,-114,-2,9,5,-76,1,3,26,
-2,-3,-6,-76,-6,-8,26,-42,-3,
-6,-3,-2,-8,-5,-2,-3,-3,-3,
-2,-2,-1,-2,-1,-1,-3,-2,-1,
-1,-1,-1,-1,-1,-1,-1,-1,-1,
-1,-1,-1,-1,-1,-1,-1,-1,-1,
-1,-1,-2,-1,-1,-2,-1,-1,-2,
-1,-1,-1,-1,-1,-1,-1,-1,-1,
-1,-1,-1,-1,-1,-1,-1,-1,-1,
-1,-1,-1,-1,-1,-1,-1,-1,-1,
-1,-1,-1,-1,-1,-1,-1,-1,-1,
-1,-1,-1,-1,-1,-1,-1,-1,-1,
-1,-1,-1,-1,-1,-1,-1,-1,-1,
-1,-2,-2,-1,-2,-4,-1,-7,-6,
-2,-6,-5,-4,-4,-1,-6,-4,-28,
-5,-10,62,-1,-73,46,-28,19,22,
62,0,-107,46,66,-94,22,-86,-114,
-107,-108,-115,-94,-116,-72,-114,-65,120,
-115,53,117,-72,119,-126,120,55,-117,
117,-106,-91,-126,-112,-88,-117,-100,-90,
-91,10,13,-88,72,-7,-90,-67,27,
13,21,39,-7,9,35,27,2,1,
39,52,26,35,62,63,1,23,50,
26,18,50,63,41,30,50,33,29,
50,45,35,30,47,37,29,53,61,
35,43,55,37,12,32,61,42,31,
55,44,26,32,40,27,31,43,44,
26,32,43,27,39,45,44,15,26,
43,17,24,45,46,34,26,35,24,
24,36,22,34,30,34,24,32,36,
22,31,33,34,20,19,36,33,32,
33,33,28,19,25,19,32,29,23,
28,23,23,19,28,24,23,14,15,
23,15,18,24,25,25,15,17,13,
18,14,17,25,18,17,13,26,16,
17,24,13,17,11,13,16,23,18,
13,23,16,13,4,17,18,10,11,
16,11,11,17,15,11,11,13,3,
11,10,5,11,18,8,3,5,17,
5,8,6,8,10,5,17,2,16,
6,3,14,5,4,4,16,15,4,
14,7,7,4,8,1,4,2,4,
7,2,-4,1,11,3,4,-1,11,
-4,7,5,3,6,3,11,2,11,
5,9,10,3,2,9,11,5,4,
10,4,7,9,5,5,4,7,1,
7,2,9,5,8,0,1,6,7,
9,7,1,0,8,0,7,3,13,
1,3,26,0,5,0,13,1,8,
26,-42,-3,0,57,-10,8,-3,-100,
-3,-3,-3,-10,-3,-3,-100,-2,-6,
-3,-2,-1,-3,-1,-1,-6,-7,-1,
-1,-1,-1,-1,-1,-1,-1,-1,-1,
-1,-1,-1,-1,-1,-1,-1,-1,-1,
-1,-1,-2,-1,-1,-2,-1,-1,-2,
-1,-1,-1,-1,-1,-1,-1,-1,-1,
-1,-1,-1,-1,-1,-1,-1,-1,-1,
-1,-1,-1,-1,-1,-1,-1,-1,-1,
-1,-1,-1,-1,-1,-1,-1,-1,-1,
-1,-1,-1,-1,-1,-1,-1,-1,-1,
-1,-1,-1,-1,-1,-2,-1,-1,-2,
-1,-7,-6,-2,-8,-6,-2,-8,-2,
-6,-4,-28,-6,-6,69,-2,-57,5,
-28,19,22,69,-12,-101,5,52,-87,
22,-86,-114,-101,-97,-115,-87,-117,-121,
-114,-65,120,-115,-70,124,-121,121,-123,
120,55,-117,124,-122,-106,-123,-111,-94,
-117,-100,-90,-106,-89,-81,-94,-81,-74,
-90,-67,27,-81,-63,-86,-74,-65,-50,
27,2,1,-86,-1,10,-50,56,-6,
1,23,50,10,34,45,-6,4,32,
50,33,29,45,55,27,32,58,48,
29,53,61,27,18,47,48,44,43,
61,42,31,47,30,22,43,51,37,
31,43,44,22,41,46,37,17,33,
44,15,26,46,39,39,33,33,22,
26,35,24,39,35,32,22,36,43,
24,32,36,32,17,18,43,36,35,
36,33,32,18,24,17,35,30,27,
32,29,23,17,34,29,27,14,19,
23,14,15,29,27,31,19,19,12,
15,17,13,31,18,15,12,29,25,
13,26,16,15,11,17,25,20,21,
16,23,18,17,10,11,21,9,9,
18,10,11,11,21,10,9,9,10,
11,13,3,10,20,12,10,1,17,
3,5,17,12,6,8,17,13,12,
17,2,16,8,5,2,12,18,3,
16,15,4,2,13,4,3,0,10,
4,2,4,4,5,13,10,-1,9,
4,-1,11,13,3,8,9,18,4,
11,2,11,8,8,-2,4,10,4,
11,5,4,-2,13,-2,4,0,9,
4,7,1,-2,5,7,9,-1,8,
1,6,7,7,2,6,8,4,3,
7,3,13,6,1,0,3,6,-1,
13,1,8,0,3,6,-1,5,0,
8,-3,-100,6,9,1,0,6,7,
-100,-2,-6,1,-58,-3,7,34,-27,
-6,-7,-1,-3,-11,-1,-27,-2,-1,
-1,-1,-1,-1,-1,-1,-1,-1,-1,
-1,-1,-1,-1,-1,-1,-1,-1,-1,
-1,-1,-2,-1,-1,-2,-1,-1,-2,
-1,-1,-1,-1,-1,-1,-1,-1,-1,
-1,-1,-1,-1,-1,-1,-1,-1,-1,
-1,-1,-1,-1,-1,-1,-1,-1,-2,
-1,-1,-1,-1,-1,-1,-2,-5,-4,
-1,-1,-1,-1,-1,-1,-4,-4,-6,
-1,-1,-2,-1,-2,-4,-6,-9,-3,
-2,-8,-2,-4,-5,-13,-3,-5,-97,
-2,-57,5,-13,40,7,-97,-9,-100,
5,52,-87,7,-85,-110,-100,-86,-115,
-87,-117,-121,-110,-123,55,-115,-125,125,
-121,121,-123,55,-125,-113,125,-120,-101,
-123,-111,-94,-113,-102,-85,-101,-89,-78,
-94,-81,-74,-85,-74,-65,-78,-68,-58,
-74,-65,-50,-65,-56,-53,-58,-52,-51,
-50,56,-6,-53,-68,14,-51,-44,-100,
-6,4,32,14,4,18,-100,-12,5,
32,58,48,18,27,41,5,39,46,
48,44,43,41,19,22,46,47,41,
43,51,37,22,51,45,41,22,33,
37,17,33,45,39,41,33,29,18,
33,33,22,41,40,35,18,37,37,
22,36,43,35,20,27,37,37,40,
43,36,35,27,26,16,40,33,30,
35,30,27,16,35,27,30,20,16,
27,14,19,27,25,38,16,22,17,
19,19,12,38,21,16,17,31,24,
12,29,25,16,12,19,24,20,28,
25,20,21,19,14,11,28,23,12,
21,9,9,11,26,11,12,11,12,
9,9,10,11,19,18,12,3,15,
10,1,17,18,5,5,15,18,7,
17,13,12,5,10,4,7,18,8,
12,18,3,4,9,15,8,-1,6,
3,0,10,15,4,14,6,9,1,
10,-1,9,14,8,0,1,17,7,
9,18,4,0,6,1,7,5,8,
4,10,4,1,2,16,8,-4,3,
4,0,9,16,4,10,3,14,1,
9,-1,8,10,6,3,1,14,0,
8,4,3,3,7,1,0,0,6,
3,6,-1,1,4,4,6,2,7,
-1,5,0,4,3,4,7,5,5,
0,6,7,4,-2,8,5,7,-1,
7,34,-27,8,-5,82,-1,10,-3,
-27,-2,-1,82,-8,-1,-3,-80,-6,
-1,-1,-1,-1,-1,-1,-6,-7,-4,
-1,-1,-1,-1,-1,-1,-4,-2,-2,
-1,-1,-2,-1,-1,-2,-2,-3,-2,
-1,-1,-1,-1,-1,-1,-1,-1,-1,
-1,-1,-1,-1,-1,-1,-1,-1,-1,
-1,-1,-2,-1,-1,-4,-1,-1,-5,
-2,-5,-4,-4,-3,-3,-5,-4,-4,
-4,-4,-6,-3,-4,-9,-4,-4,-5,
-6,-9,-3,-9,-7,-2,-5,-4,-13,
-3,-5,-97,-2,-47,6,-13,56,7,
-97,-9,-100,6,39,-82,7,-90,-108,
-100,-86,-115,-82,-112,-119,-108,-118,-70,
-115,-125,125,-119,126,-124,-70,-71,-112,
125,-120,-101,-124,-105,-91,-112,-95,-83,
-101,-89,-78,-91,-83,-70,-83,-74,-61,
-78,-68,-58,-70,-62,-53,-61,-54,-48,
-58,-52,-51,-53,-47,-48,-48,-41,-43,
-51,-44,-100,-48,-46,-47,-43,-42,-44,
-100,-12,5,-47,40,-5,-44,-71,2,
5,39,46,-5,10,25,2,11,37,
46,47,41,25,40,26,37,35,35,
41,22,33,26,35,49,35,27,19,
33,29,18,49,44,43,19,37,28,
18,37,37,43,28,26,28,31,46,
37,37,40,26,23,16,46,35,33,
40,33,30,16,33,35,33,32,22,
30,20,16,35,25,39,22,19,14,
16,22,17,39,29,25,14,29,27,
17,31,24,25,23,13,27,24,36,
24,20,28,13,14,4,36,24,15,
28,23,12,4,27,16,15,12,16,
12,11,12,16,11,23,16,10,8,
12,3,15,23,12,10,8,25,7,
15,18,7,10,12,12,7,20,14,
7,18,8,12,4,17,14,5,4,
8,-1,6,17,7,8,4,11,7,
6,9,1,8,7,2,7,9,19,
1,17,7,2,0,11,19,1,11,
7,5,8,11,2,10,11,6,-1,
8,-4,3,10,11,3,-1,10,6,
3,14,1,3,5,4,6,2,15,
1,14,0,4,-2,16,15,-1,1,
0,0,6,16,0,11,1,3,-5,
6,2,7,11,3,-4,-5,10,1,
7,5,5,-4,7,-3,1,6,4,
5,7,-1,-3,6,2,4,-4,7,
-1,10,-3,2,4,2,7,3,15,
-3,-80,-6,2,9,-43,15,0,46,
-6,-7,-4,-43,-3,-4,46,-13,-5,
-4,-2,-2,-4,-5,-5,-5,-5,-4,
-2,-3,-2,-5,-4,-2,-4,-4,-2,
-1,-1,-1,-1,-1,-1,-1,-1,-1,
-1,-1,-1,-1,-1,-1,-1,-1,-1,
-1,-1,-5,-1,-1,-2,-1,-1,-2,
-5,-4,-4,-2,-2,-4,-2,-3,-10,
-4,-4,-5,-4,-8,-4,-10,-12,-5,
-5,-4,-13,-4,-3,-79,-5,-29,19,
-13,56,7,-79,43,75,19,32,-79,
7,-90,-108,75,-88,-111,-79,-110,-115,
-108,-118,-70,-111,-123,-57,-115,-71,-122,
-70,-71,-112,-57,-116,-103,-122,-106,-91,
-112,-95,-83,-103,-89,-79,-91,-77,-70,
-83,-74,-61,-79,-67,-58,-70,-58,-48,
-61,-54,-48,-58,-50,-45,-48,-44,-37,
-48,-41,-43,-45,-39,-41,-37,-36,-34,
-43,-42,-44,-41,-40,-42,-34,-35,-39,
-44,-71,2,-42,-35,77,-39,-33,-48,
2,11,37,77,-9,3,-48,28,0,
37,35,35,3,32,45,0,29,23,
35,27,19,45,38,47,23,30,17,
19,37,28,47,39,29,17,27,46,
28,31,46,29,23,13,46,29,37,
46,35,33,13,30,23,37,38,23,
33,32,22,23,20,40,23,22,15,
22,19,14,40,32,25,15,24,23,
14,29,27,25,28,21,23,17,38,
27,24,36,21,7,10,38,24,16,
36,24,15,10,26,21,16,20,19,
15,12,16,21,13,30,19,5,5,
16,10,8,30,14,8,5,26,9,
8,25,7,8,13,9,9,12,22,
7,20,14,9,-1,17,22,8,0,
14,5,4,17,16,4,0,9,9,
4,11,7,4,16,6,9,2,21,
7,9,19,6,0,9,21,6,2,
19,1,11,9,15,-2,2,10,0,
11,6,-1,-2,17,6,0,0,15,
-1,10,6,6,2,8,15,0,9,
6,2,15,8,2,2,9,8,-3,
15,-1,1,2,14,-2,-3,4,9,
1,3,-5,-2,10,5,9,0,8,
-5,10,1,5,-2,10,8,0,4,
1,6,4,10,-1,9,4,7,-3,
4,-4,7,9,2,1,-3,8,1,
7,3,15,1,8,-1,1,5,2,
15,0,46,-1,11,-6,2,0,5,
46,-13,-5,-6,-94,-7,5,1,-70,
-5,-5,-4,-7,-3,-3,-70,-4,-4,
-4,-4,-2,-3,-4,-2,-4,-8,-2,
-1,-1,-1,-1,-1,-1,-1,-1,-1,
-1,-1,-1,-1,-1,-1,-1,-1,-1,
-1,-1,-2,-1,-1,-2,-1,-1,-3,
-2,-3,-10,-2,-4,-7,-3,-5,-6,
-10,-12,-5,-7,-6,-11,-6,-3,-68,
-5,-29,19,-11,82,2,-68,-2,65,
19,32,-79,2,-95,-94,65,-82,-115,
-79,-110,-115,-94,-116,-107,-115,-120,-53,
-115,-71,-122,-107,-48,-113,-53,-94,-97,
-122,-106,-91,-113,-97,-84,-97,-87,-76,
-91,-77,-70,-84,-70,-60,-76,-62,-56,
-70,-58,-48,-60,-57,-86,-56,-49,-122,
-48,-44,-37,-86,-79,-72,-122,94,48,
-37,-36,-34,-72,-49,-39,48,96,-119,
-34,-35,-39,-39,-35,-31,-119,-117,-102,
-39,-33,-48,-31,-30,-38,-102,-43,-34,
-48,28,0,-38,-86,-6,-34,-41,59,
0,29,23,-6,6,42,59,-6,14,
23,30,17,42,41,35,14,23,31,
17,27,46,35,34,28,31,19,39,
46,29,37,28,27,18,39,48,36,
37,38,23,18,24,40,36,27,27,
23,22,15,40,27,32,27,22,17,
15,24,23,32,37,21,17,12,32,
23,17,38,21,12,11,32,32,23,
38,24,16,11,23,16,23,32,18,
16,20,19,16,12,34,18,8,6,
19,5,5,34,22,11,6,19,17,
5,26,9,11,15,12,17,8,29,
9,12,22,12,2,8,29,14,6,
22,8,0,8,24,8,6,9,10,
0,9,9,8,14,15,10,0,15,
9,2,21,15,-2,0,15,17,5,
21,6,2,0,11,4,5,10,9,
2,10,0,4,8,19,9,-3,4,
0,0,15,19,0,3,4,14,0,
15,0,9,3,7,-3,0,13,4,
9,8,-3,-3,11,6,4,-4,8,
-3,4,9,6,0,4,8,3,2,
9,0,8,4,-1,0,2,15,3,
8,0,4,0,12,0,3,4,0,
4,7,-3,0,11,0,0,-5,9,
-3,8,1,0,-4,1,9,-1,5,
1,5,2,1,-4,13,5,4,0,
2,0,5,13,3,5,0,7,4,
5,1,-70,5,-7,26,4,10,-2,
-70,-4,-4,26,-28,-5,-2,63,-12,
-4,-8,-2,-5,-7,-2,-12,-5,-2,
-1,-1,-1,-1,-1,-1,-1,-1,-1,
-1,-1,-1,-1,-2,-2,-1,-2,-2,
-1,-1,-3,-2,-1,-5,-2,-2,-5,
-3,-5,-6,-5,-5,-4,-5,-7,-5,
-6,-3,-68,-4,-24,30,-5,-104,46,
-68,-2,65,30,19,-77,46,-100,-95,
65,-82,-115,-77,-106,-116,-95,-113,-120,
-115,-120,-53,-116,-122,-119,-120,-125,-111,
-53,-94,-97,-119,-105,-89,-111,-96,-83,
-97,-87,-76,-89,-77,-66,-83,-72,-62,
-76,-62,-56,-66,-52,-46,-62,-51,-44,
-56,-49,-122,-46,-44,-110,-44,-42,-109,
-122,94,48,-110,103,36,-109,110,39,
48,96,-119,36,86,-71,39,95,-51,
-119,-117,-102,-71,93,75,-51,55,82,
-102,-43,-34,75,-48,-29,82,-43,-25,
-34,-41,59,-29,-35,-58,-25,-31,-30,
59,-6,14,-58,7,0,-30,-103,-15,
14,23,31,0,39,44,-15,4,31,
31,19,39,44,25,25,31,40,28,
39,48,36,25,17,27,28,39,38,
36,27,27,27,22,27,38,27,18,
27,22,17,27,47,28,18,12,31,
17,12,32,28,16,25,31,24,20,
32,32,23,25,20,15,20,40,26,
23,32,18,15,10,30,26,13,16,
18,8,6,30,23,12,16,16,12,
6,19,17,12,25,14,12,3,30,
17,8,29,14,1,0,30,21,7,
29,14,6,0,25,11,7,18,12,
6,9,10,11,12,30,12,2,3,
10,0,15,30,5,2,3,22,2,
15,17,5,2,8,7,2,12,15,
5,10,9,7,-1,21,15,-2,-2,
9,-3,4,21,9,0,-2,12,-1,
4,14,0,0,6,2,-1,6,17,
0,13,4,2,-4,18,17,-1,-4,
4,-4,8,18,4,6,-4,9,-2,
8,3,2,6,6,-6,-2,11,8,
2,15,3,-6,5,5,8,0,6,
3,4,0,5,-2,9,6,0,0,
0,-5,9,9,0,-3,0,16,2,
9,-1,5,-3,9,0,2,8,0,
5,4,0,0,10,2,0,-4,-7,
0,7,4,2,1,-5,-7,-5,-8,
4,10,-2,-5,-10,-7,-8,-8,-11,
-2,63,-12,-7,47,-53,-11,49,-51,
-12,-5,-2,-53,-5,-2,-51,-2,-2,
-1,-1,-1,-1,-1,-1,-1,-1,-1,
-1,-2,-2,-1,-2,-2,-1,-3,-2,
-2,-2,-5,-2,-2,-6,-2,-1,-2,
-5,-7,-5,-6,-2,-48,-2,-12,61,
-5,-104,46,-48,10,53,61,12,-80,
46,-100,-95,53,-77,-112,-80,-106,-118,
-95,-113,-120,-112,-118,-125,-118,-123,-120,
-120,-125,-111,-125,-117,-100,-120,-100,-89,
-111,-96,-83,-100,-85,-72,-89,-77,-63,
-83,-72,-62,-72,-61,-55,-63,-54,-50,
-62,-51,-44,-55,-49,-42,-50,-46,-39,
-44,-42,-109,-42,-39,-105,-39,-36,-101,
-109,110,39,-105,117,50,-101,115,44,
39,95,-51,50,96,-97,44,53,51,
-51,55,82,-97,63,89,51,44,29,
82,-43,-25,89,-33,-24,29,-40,-24,
-25,-31,-30,-24,-26,-38,-24,-24,-36,
-30,-103,-15,-38,-38,40,-36,-30,-67,
-15,4,31,40,-5,28,-67,0,-3,
31,40,28,28,27,23,-3,37,47,
28,39,38,23,8,20,47,28,36,
38,27,18,20,44,23,36,29,16,
18,12,31,23,28,45,16,7,10,
31,24,20,45,23,9,10,41,30,
20,40,26,9,6,23,30,17,35,
26,13,16,23,18,14,35,24,9,
16,16,12,14,39,23,9,3,23,
12,3,30,23,9,7,23,20,6,
30,21,7,7,18,7,6,27,19,
7,18,12,7,3,28,19,2,0,
12,2,3,28,14,6,0,16,8,
3,22,2,6,10,10,8,8,24,
2,12,15,10,-1,15,24,3,2,
15,-2,-2,15,16,0,2,9,6,
-2,12,-1,0,11,6,6,-4,22,
-1,6,17,6,-8,5,22,7,0,
17,-1,-4,5,11,-2,0,4,4,
-4,9,-2,-2,9,4,4,-5,17,
-2,11,8,4,-3,5,17,4,8,
8,0,6,5,2,8,8,3,-7,
6,0,0,8,16,-5,-7,-6,-5,
0,16,2,-5,0,-2,-5,-4,1,
2,8,0,-2,-2,-2,1,44,38,
0,-4,-7,-2,-2,-8,38,34,43,
-7,-5,-8,-8,40,38,43,66,37,
-8,-8,-11,38,38,52,37,71,-86,
-11,49,-51,52,89,-33,-86,-34,-11,
-51,-2,-2,-33,-3,-2,-11,-7,-2,
-1,-1,-1,-1,-1,-1,-1,-1,-1,
-1,-3,-2,-1,-7,-2,-1,-4,-2,
-2,-1,-2,-2,-2,-1,-2,-1,-32,
-2,-12,61,-1,-86,3,-32,20,43,
61,12,-80,3,-111,-87,43,-75,-107,
-80,-106,-118,-87,-112,-70,-107,-116,-68,
-118,-123,-120,-70,-125,-110,-68,-114,-101,
-120,-100,-89,-110,-95,-81,-101,-85,-72,
-89,-77,-63,-81,-69,-56,-72,-63,-52,
-63,-54,-50,-56,-50,-46,-52,-46,-44,
-50,-46,-39,-46,-42,-38,-44,-39,-36,
-39,-36,-101,-38,-33,-88,-36,-31,-85,
-101,115,44,-88,113,48,-85,120,57,
44,53,51,48,46,68,57,99,-99,
51,44,29,68,0,50,-99,69,66,
29,-40,-24,50,-75,-19,66,-52,-18,
-24,-24,-36,-19,-28,-30,-18,-27,-29,
-36,-30,-67,-30,-34,-36,-29,-29,-39,
-67,0,-3,-36,78,-12,-39,-50,20,
-3,37,47,-12,22,25,20,-7,41,
47,28,36,25,22,12,41,44,21,
36,29,16,12,26,43,21,22,23,
16,7,10,43,24,18,23,24,14,
10,41,30,18,29,24,14,18,48,
30,17,35,24,7,7,48,29,6,
35,24,9,7,40,28,6,17,18,
9,3,23,28,11,27,18,9,-2,
23,20,6,27,19,2,-2,30,22,
6,27,19,2,1,25,22,7,13,
19,2,0,25,18,5,13,14,1,
0,16,8,5,22,10,1,0,27,
8,8,24,10,-4,0,27,14,4,
24,3,2,0,22,3,4,14,6,
2,9,6,3,10,15,6,-7,6,
6,-4,22,15,-2,-6,6,16,3,
22,7,0,-6,16,3,3,12,0,
0,4,4,3,9,14,0,-6,-9,
4,-5,17,14,-1,-1,-9,-7,-4,
17,4,8,-1,-5,-12,-4,-3,-4,
8,3,-7,-12,-4,-5,-4,45,39,
-7,-6,-5,-5,-5,-12,39,39,53,
-5,-4,1,-12,38,39,53,68,47,
1,44,38,39,48,67,47,75,-114,
38,34,43,67,43,73,-114,-109,-111,
43,66,37,73,-113,-117,-111,-114,-110,
37,71,-86,-117,-48,-1,-110,-35,-2,
-86,-34,-11,-1,-1,-2,-2,-3,-1,
-11,-7,-2,-2,-4,-2,-1,-1,-2,
-1,-1,-1,-1,-1,-1,-1,-1,-1,
-1,-4,-2,-1,-2,-3,-1,-1,-4,
-2,-1,-32,-3,-1,-110,-4,-2,-108,
-32,20,43,-110,59,-90,-108,69,-87,
43,-75,-107,-90,-99,-116,-87,-124,122,
-107,-116,-68,-116,-69,-122,122,118,-109,
-68,-114,-101,-122,-104,-89,-109,-92,-79,
-101,-85,-72,-89,-74,-62,-79,-67,-56,
-72,-63,-52,-62,-56,-50,-56,-51,-46,
-52,-46,-44,-50,-44,-40,-46,-42,-38,
-44,-39,-36,-40,-36,-32,-38,-35,-31,
-36,-31,-85,-32,-27,-82,-31,-28,-80,
-85,120,57,-82,124,54,-80,122,53,
57,99,-99,54,92,-90,53,87,-93,
-99,69,66,-90,-116,86,-93,64,83,
66,-52,-18,86,-34,-20,83,-36,-19,
-18,-27,-29,-20,-25,-26,-19,-23,-25,
-29,-29,-39,-26,-31,-35,-25,-32,-35,
-39,-50,20,-35,-34,-85,-35,-38,-29,
20,-7,41,-85,45,6,-29,57,-8,
41,44,21,6,16,30,-8,31,38,
21,22,23,30,12,35,38,20,10,
23,24,14,35,52,21,10,18,33,
14,18,48,21,7,9,33,17,15,
48,29,6,9,23,21,15,44,23,
6,17,18,21,5,38,23,5,0,
18,9,-2,38,35,5,0,27,19,
-2,30,22,5,6,14,19,7,28,
22,7,13,14,6,0,28,22,4,
13,14,1,0,29,19,4,0,12,
1,0,27,19,1,1,12,9,0,
27,14,4,1,13,3,0,27,14,
4,14,6,3,3,23,14,-6,-2,
6,-7,6,23,7,2,-2,-6,-7,
6,16,3,2,2,-5,-7,-6,-1,
3,12,0,-5,-7,-5,-1,-4,-9,
0,-6,-9,-5,-3,-2,-9,38,39,
-9,-7,-4,-2,-3,42,39,46,56,
-4,-3,-4,42,41,43,56,84,63,
-4,45,39,43,53,80,63,-119,-114,
39,39,53,80,54,-120,-114,-110,-111,
53,68,47,-120,-108,-109,-111,-104,-102,
47,75,-114,-109,-109,-105,-102,-100,-95,
-114,-109,-111,-105,-103,-98,-95,-92,-91,
-111,-114,-110,-98,-93,-91,-91,-90,-86,
-110,-35,-2,-91,-27,-1,-86,-28,-2,
-2,-3,-1,-1,-2,-2,-2,-1,-1,
-1,-1,-2,-2,-2,-2,-1,-2,-2,
-1,-1,-1,-1,-1,-1,-1,-1,-1,
-1,-1,-4,-1,-1,-3,-1,-1,-2,
-4,-2,-108,-3,-4,-67,-2,-4,-7,
-108,69,-87,-67,-58,-112,-7,-22,-93,
-87,-124,122,-112,121,116,-93,-84,-72,
122,118,-109,116,-73,-97,-72,-103,-85,
-109,-92,-79,-97,-81,-72,-85,-73,-63,
-79,-67,-56,-72,-62,-52,-63,-54,-48,
-56,-51,-46,-52,-46,-42,-48,-42,-38,
-46,-42,-38,-42,-38,-36,-38,-36,-34,
-38,-35,-31,-36,-32,-32,-34,-30,-32,
-31,-28,-80,-32,-29,-72,-32,-25,-72,
-80,122,53,-72,71,54,-72,115,56,
53,87,-93,54,80,-100,56,52,110,
-93,64,83,-100,63,25,110,56,7,
83,-36,-19,25,-34,-18,7,-45,-17,
-19,-23,-25,-18,-22,-24,-17,-23,-25,
-25,-32,-35,-24,-29,-32,-25,-27,-30,
-35,-38,-29,-32,-35,-37,-30,-33,-35,
-29,57,-8,-37,-59,9,-35,-41,-108,
-8,31,38,9,-5,26,-108,42,27,
38,20,10,26,49,18,27,34,14,
10,18,33,18,28,41,14,0,11,
33,17,15,41,16,4,11,50,24,
15,44,23,4,6,41,24,11,27,
23,5,0,41,29,6,27,20,6,
0,27,19,6,27,24,6,-3,28,
19,7,28,24,-1,-9,28,38,8,
28,22,4,-9,26,20,8,19,13,
4,0,12,20,5,25,13,-7,-10,
12,9,0,25,18,-7,-10,-6,2,
0,27,14,-7,-8,-3,2,3,0,
14,-6,-2,-3,-6,-7,0,-7,-11,
-2,-6,-7,-7,-2,-4,-11,35,36,
-7,-6,-1,-4,-11,36,36,46,68,
-1,-4,-9,36,37,44,68,44,76,
-9,38,39,44,61,36,76,-110,-107,
39,46,56,36,65,-119,-107,-110,-116,
56,84,63,-119,-109,-109,-116,-105,-98,
63,-119,-114,-109,-114,-109,-98,-93,-93,
-114,-110,-111,-109,-102,-96,-93,-91,-89,
-111,-104,-102,-96,-92,-91,-89,-87,-85,
-102,-100,-95,-91,-90,-91,-85,-85,-87,
-95,-92,-91,-91,-89,-87,-87,-88,-85,
-91,-90,-86,-87,-88,-81,-85,-85,-79,
-86,-28,-2,-81,-19,-2,-79,-18,-1,
-2,-1,-1,-2,-1,-1,-1,-1,-1,
-1,-2,-2,-1,-1,-2,-1,-1,-2,
-1,-1,-1,-1,-1,-1,-1,-1,-1,
-1,-1,-2,-1,-2,-2,-1,-1,-1,
-2,-4,-7,-2,-1,-4,-1,-1,-2,
-7,-22,-93,-4,-7,-7,-2,-4,-1,
-93,-84,-72,-7,-6,-10,-1,-3,-12,
-72,-103,-85,-10,-78,-79,-12,-51,-61,
-85,-73,-63,-79,-66,-55,-61,-58,-50,
-63,-54,-48,-55,-46,-44,-50,-42,-39,
-48,-42,-38,-44,-39,-34,-39,-38,-34,
-38,-36,-34,-34,-34,-32,-34,-33,-31,
-34,-30,-32,-32,-28,-26,-31,-30,-26,
-32,-25,-72,-26,-26,-42,-26,-26,-22,
-72,115,56,-42,-59,-62,-22,-12,-7,
56,52,110,-62,-83,-107,-7,-8,-5,
110,56,7,-107,63,27,-5,-14,-25,
7,-45,-17,27,-79,-14,-25,-21,-20,
-17,-23,-25,-14,-23,-25,-20,-23,-24,
-25,-27,-30,-25,-26,-28,-24,-26,-28,
-30,-33,-35,-28,-32,-33,-28,-30,-30,
-35,-41,-108,-33,-38,-44,-30,-34,-35,
-108,42,27,-44,41,-10,-35,-72,0,
27,34,14,-10,26,51,0,9,30,
14,0,11,51,20,18,30,19,0,
11,50,24,18,31,22,0,14,55,
24,11,27,22,3,1,55,35,6,
27,20,6,1,40,33,6,13,5,
6,-3,28,33,8,18,5,-8,-8,
28,38,8,18,10,-7,-8,-6,0,
8,19,13,-7,-8,-5,0,-2,46,
13,-7,-10,-5,-2,-1,46,45,40,
-10,-6,2,-1,-1,-4,40,35,36,
2,3,0,-4,43,35,36,52,74,
0,-7,-11,35,38,52,74,59,-118,
-11,35,36,52,72,42,-118,-107,-103,
36,46,68,42,56,-109,-103,-109,-112,
68,44,76,-109,-109,-112,-112,-106,-98,
76,-110,-107,-112,-109,-104,-98,-92,-92,
-107,-110,-116,-104,-99,-91,-92,-90,-88,
-116,-105,-98,-91,-92,-87,-88,-87,-87,
-98,-93,-93,-87,-86,-84,-87,-87,-85,
-93,-91,-89,-84,-85,-87,-85,-86,-86,
-89,-87,-85,-87,-88,-87,-86,-87,-84,
-85,-85,-87,-87,-85,-85,-84,-85,-89,
-87,-88,-85,-85,-85,-83,-89,-85,-83,
-85,-85,-79,-83,-84,-77,-83,-81,-74,
-79,-18,-1,-77,-17,-1,-74,-14,-2,
-1,-1,-1,-1,-1,-1,-2,-1,-1,
-1,-1,-2,-1,-1,-2,-1,-1,-2,
-1,-1,-1,-1,-1,-1,-1,-1,-1,
-1,-1,-1,-1,-1,-1,-1,-1,-1,
-1,-1,-2,-1,-1,-1,-1,-1,-1,
-2,-4,-1,-1,-1,-2,-1,-1,-2,
-1,-3,-12,-2,-1,-7,-2,-3,-3,
-12,-51,-61,-7,-35,-47,-3,-20,-33,
-61,-58,-50,-47,-50,-44,-33,-39,-37,
-50,-42,-39,-44,-39,-37,-37,-35,-34,
-39,-38,-34,-37,-35,-33,-34,-32,-29,
-34,-33,-31,-33,-31,-30,-29,-30,-29,
-31,-30,-26,-30,-29,-28,-29,-28,-28,
-26,-26,-22,-28,-26,-22,-28,-26,-22,
-22,-12,-7,-22,-19,-18,-22,-21,-23,
-7,-8,-5,-18,-17,-15,-23,-22,-20,
-5,-14,-25,-15,-15,-16,-20,-19,-20,
-25,-21,-20,-16,-17,-21,-20,-21,-22,
-20,-23,-24,-21,-23,-24,-22,-23,-24,
-24,-26,-28,-24,-25,-27,-24,-24,-26,
-28,-30,-30,-27,-29,-31,-26,-27,-28,
-30,-34,-35,-31,-32,-36,-28,-30,-34,
-35,-72,0,-36,-34,76,-34,-39,-47,
0,9,30,76,42,31,-47,23,-4,
30,19,0,31,55,20,-4,13,-7,
0,14,55,20,7,13,-7,-5,-10,
55,35,6,13,-3,-16,-10,0,3,
6,13,5,-16,-9,1,3,4,-7,
5,-8,-8,1,7,0,-7,39,40,
-8,-6,0,0,-9,39,40,38,48,
0,-2,46,39,37,38,48,65,34,
46,45,40,38,44,57,34,68,-113,
40,35,36,57,32,62,-113,-101,-102,
36,52,74,62,-117,-103,-102,-110,-107,
74,59,-118,-103,-102,-110,-107,-103,-97,
-118,-107,-103,-110,-110,-103,-97,-91,-88,
-103,-109,-112,-103,-94,-92,-88,-87,-85,
-112,-106,-98,-92,-92,-87,-85,-85,-84,
-98,-92,-92,-87,-86,-88,-84,-84,-85,
-92,-90,-88,-88,-88,-88,-85,-86,-86,
-88,-87,-87,-88,-86,-87,-86,-87,-86,
-87,-87,-85,-87,-88,-87,-86,-89,-85,
-85,-86,-86,-87,-88,-80,-85,-86,-121,
-86,-87,-84,-80,-87,-89,-121,114,123,
-84,-85,-89,-89,-91,-85,123,-95,-89,
-89,-85,-83,-85,-85,-83,-89,-85,-83,
-83,-81,-74,-83,-81,-73,-83,-81,-72,
-74,-14,-2,-73,-12,-2,-72,-11,-1,
-2,-1,-1,-2,-1,-1,-1,-1,-1,
-1,-1,-2,-1,-1,-2,-1,-1,-2,
-1,-1,-1,-1,-1,-1,-1,-1,-1,
-1,-1,-1,-1,-1,-1,-1,-1,-1,
-1,-1,-1,-1,-1,-1,-1,-1,-1,
-1,-1,-2,-1,-1,-3,-1,-1,-1,
-2,-3,-3,-3,-6,-4,-1,-1,-1,
-3,-20,-33,-4,-15,-26,-1,-9,-22,
-33,-39,-37,-26,-29,-31,-22,-23,-26,
-37,-35,-34,-31,-32,-31,-26,-28,-27,
-34,-32,-29,-31,-29,-27,-27,-27,-27,
-29,-30,-29,-27,-28,-28,-27,-25,-25,
-29,-28,-28,-28,-26,-26,-25,-25,-24,
-28,-26,-22,-26,-25,-22,-24,-23,-22,
-22,-21,-23,-22,-21,-20,-22,-22,-21,
-23,-22,-20,-20,-20,-19,-21,-20,-20,
-20,-19,-20,-19,-18,-19,-20,-20,-19,
-20,-21,-22,-19,-20,-21,-19,-20,-22,
-22,-23,-24,-21,-23,-24,-22,-23,-24,
-24,-24,-26,-24,-24,-25,-24,-24,-25,
-26,-27,-28,-25,-27,-27,-25,-26,-27,
-28,-30,-34,-27,-29,-33,-27,-29,-32,
-34,-39,-47,-33,-35,-38,-32,-36,-47,
-47,23,-4,-38,-89,-10,-47,-38,64,
-4,13,-7,-10,-1,-1,64,-12,-8,
-7,-5,-10,-1,0,-1,-8,39,38,
-10,0,3,-1,-8,-11,38,38,46,
3,4,-7,-11,37,40,46,70,50,
-7,39,40,40,48,65,50,80,-105,
40,38,48,65,42,73,-105,-102,-105,
48,65,34,73,-109,-103,-105,-109,-105,
34,68,-113,-103,-107,-106,-105,-98,-93,
-113,-101,-102,-106,-106,-104,-93,-92,-92,
-102,-110,-107,-104,-96,-95,-92,-90,-85,
-107,-103,-97,-95,-90,-88,-85,-84,-84,
-97,-91,-88,-88,-87,-87,-84,-83,-84,
-88,-87,-85,-87,-86,-83,-84,-85,-83,
-85,-85,-84,-83,-83,-86,-83,-84,-85,
-84,-84,-85,-86,-85,-83,-85,-85,-87,
-85,-86,-86,-83,-83,-84,-87,-83,-92,
-86,-87,-86,-84,-85,-90,-92,-106,87,
-86,-89,-85,-90,-94,-116,87,111,121,
-85,-86,-121,-116,117,45,121,103,48,
-121,114,123,45,76,120,48,86,124,
123,-95,-89,120,-89,-87,124,-93,-89,
-89,-85,-83,-87,-85,-83,-89,-85,-83,
-83,-81,-72,-83,-81,-71,-83,-81,-70,
-72,-11,-1,-71,-9,-1,-70,-9,-1,
-1,-1,-1,-1,-1,-1,-1,-1,-1,
-1,-1,-2,-1,-1,-2,-1,-1,-2,
-1,-1,-1,-1,-1,-1,-1,-1,-1,
-1,-1,-1,-1,-1,-1,-1,-1,-1,
-1,-1,-1,-1,-1,-1,-1,-1,-1,
-1,-1,-1,-1,-1,-1,-1,-1,-1,
-1,-1,-1,-1,-1,-1,-1,-2,-2,
-1,-9,-22,-1,-7,-18,-2,-4,-12,
-22,-23,-26,-18,-19,-23,-12,-17,-19,
-26,-28,-27,-23,-26,-25,-19,-22,-23,
-27,-27,-27,-25,-25,-25,-23,-23,-23,
-27,-25,-25,-25,-24,-24,-23,-23,-23,
-25,-25,-24,-24,-24,-24,-23,-23,-23,
-24,-23,-22,-24,-23,-22,-23,-23,-21,
-22,-22,-21,-22,-21,-21,-21,-21,-21,
-21,-20,-20,-21,-20,-21,-21,-22,-22,
-20,-20,-19,-21,-20,-20,-22,-22,-22,
-19,-20,-22,-20,-21,-22,-22,-23,-22,
-22,-23,-24,-22,-23,-24,-22,-23,-24,
-24,-24,-25,-24,-24,-25,-24,-24,-25,
-25,-26,-27,-25,-26,-27,-25,-26,-27,
-27,-29,-32,-27,-29,-32,-27,-27,-31,
-32,-36,-47,-32,-33,-36,-31,-34,-33,
-47,-38,64,-36,-41,-51,-33,-35,-19,
64,-12,-8,-51,60,41,-19,-99,58,
-8,39,38,41,49,75,58,-108,-101,
38,38,46,75,55,64,-101,-100,-106,
46,70,50,64,-104,-105,-106,-106,-101,
50,80,-105,-105,-108,-109,-101,-94,-90,
-105,-102,-105,-109,-105,-98,-90,-88,-86,
-105,-109,-105,-98,-93,-90,-86,-85,-85,
-105,-98,-93,-90,-86,-84,-85,-85,-84,
-93,-92,-92,-84,-84,-83,-84,-81,-81,
-92,-90,-85,-83,-82,-84,-81,-80,-83,
-85,-84,-84,-84,-84,-84,-83,-83,-83,
-84,-83,-84,-84,-83,-84,-83,-82,-84,
-84,-85,-83,-84,-85,-84,-84,-85,-85,
-83,-84,-85,-84,-85,-85,-85,-85,-87,
-85,-85,-87,-85,-85,-88,-87,-87,-89,
-87,-83,-92,-88,-83,-98,-89,-84,-99,
-92,-106,87,-98,-69,63,-99,-116,64,
87,111,121,63,112,-69,64,120,-62,
121,103,48,-69,109,46,-62,115,44,
48,86,124,46,87,124,44,90,126,
124,-93,-89,124,-91,-89,126,-89,-89,
-89,-85,-83,-89,-87,-83,-89,-88,-85,
-83,-81,-70,-83,-81,-69,-85,-83,-67,
-70,-9,-1,-69,-9,-1,-67,-8,-1,
-1,-1,-1,-1,-1,-1,-1,-1,-1,
-1,-1,-2,-1,-1,-2,-1,-1,-2,
-1,-1,-1,-1,-1,-1,-1,-1,-1,
-1,-1,-1,-1,-1,-1,-1,-1,-1,
-1,-1,-1,-1,-1,-1,-1,-1,-1,
-1,-1,-1,-1,-1,-1,-1,-1,-1,
-1,-2,-2,-1,-3,-2,-1,-3,-2,
-2,-4,-12,-2,-2,-9,-2,-2,-9,
-12,-17,-19,-9,-15,-17,-9,-13,-16,
-19,-22,-23,-17,-21,-21,-16,-19,-19,
-23,-23,-23,-21,-21,-22,-19,-21,-23,
-23,-23,-23,-22,-22,-22,-23,-21,-21,
-23,-23,-23,-22,-22,-22,-21,-21,-28,
-23,-23,-21,-22,-19,-15,-28,-64,-67,
-21,-21,-21,-15,-20,-22,-67,-45,-25,
-21,-22,-22,-22,-22,-22,-25,-19,-12,
-22,-22,-22,-22,-24,-23,-12,-23,-24,
-22,-23,-22,-23,-20,-21,-24,-20,-26,
-22,-23,-24,-21,-19,-24,-26,-26,-22,
-24,-24,-25,-24,-24,-25,-22,-23,-24,
-25,-26,-27,-25,-26,-26,-24,-25,-25,
-27,-27,-31,-26,-28,-30,-25,-28,-30,
-31,-34,-33,-30,-33,-35,-30,-31,-32,
-33,-35,-19,-35,-34,-36,-32,-35,-38,
-19,-99,58,-36,-41,-56,-38,-44,-44,
58,-108,-101,-56,-67,-105,-44,-58,-90,
-101,-100,-106,-105,-107,-99,-90,-90,-88,
-106,-106,-101,-99,-90,-87,-88,-83,-82,
-101,-94,-90,-87,-88,-87,-82,-82,-82,
-90,-88,-86,-87,-83,-80,-82,-81,-82,
-86,-85,-85,-80,-79,-81,-82,-83,-84,
-85,-85,-84,-81,-79,-81,-84,-82,-82,
-84,-81,-81,-81,-82,-82,-82,-82,-81,
-81,-80,-83,-82,-80,-85,-81,-79,-78,
-83,-83,-83,-85,-81,-78,-78,-96,-117,
-83,-82,-84,-78,-83,-87,-117,-109,-84,
-84,-85,-85,-87,-85,-85,-84,-85,-88,
-85,-85,-87,-85,-87,-87,-88,-87,-85,
-87,-87,-89,-87,-89,-89,-85,-87,-89,
-89,-84,-99,-89,-81,-94,-89,-81,-90,
-99,-116,64,-94,-108,60,-90,-111,58,
64,120,-62,60,67,-120,58,27,64,
-62,115,44,-120,97,40,64,45,35,
44,90,126,40,92,-125,35,97,-121,
126,-89,-89,-125,-88,-89,-121,-89,-89,
-89,-88,-85,-89,-88,-85,-89,-88,-85,
-85,-83,-67,-85,-84,-65,-85,-85,-63,
-67,-8,-1,-65,-7,-1,-63,-6,-1,
-1,-1,-1,-1,-1,-1,-1,-1,-1,
-1,-1,-2,-1,-1,-2,-1,-1,-2,
-1,-1,-1,-1,-1,-1,-1,-1,-1,
-1,-1,-1,-1,-1,-1,-1,-1,-1,
-1,-1,-1,-1,-1,-1,-1,-1,-1,
-1,-1,-1,-1,-1,-1,-1,-1,-1,
-1,-3,-2,-1,-2,-2,-1,-2,-1,
-2,-2,-9,-2,-2,-8,-1,-1,-7,
-9,-13,-16,-8,-11,-14,-7,-9,-12,
-16,-19,-19,-14,-17,-19,-12,-15,-18,
-19,-21,-23,-19,-19,-21,-18,-19,-19,
-23,-21,-21,-21,-21,-21,-19,-20,-20,
-21,-21,-28,-21,-22,-21,-20,-22,-24,
-28,-64,-67,-21,-99,72,-24,-90,76,
-67,-45,-25,72,53,46,76,33,44,
-25,-19,-12,46,-115,-71,44,43,54,
-12,-23,-24,-71,-41,-22,54,79,58,
-24,-20,-26,-22,-19,-21,58,-105,-59,
-26,-26,-22,-21,-24,-23,-59,-23,-27,
-22,-23,-24,-23,-23,-24,-27,-26,-23,
-24,-25,-25,-24,-25,-24,-23,-24,-23,
-25,-28,-30,-24,-26,-29,-23,-24,-28,
-30,-31,-32,-29,-30,-30,-28,-29,-28,
-32,-35,-38,-30,-33,-35,-28,-31,-33,
-38,-44,-44,-35,-40,-41,-33,-36,-39,
-44,-58,-90,-41,-56,-82,-39,-53,-80,
-90,-90,-88,-82,-81,-79,-80,-79,-77,
-88,-83,-82,-79,-79,-79,-77,-76,-75,
-82,-82,-82,-79,-79,-80,-75,-75,-77,
-82,-81,-82,-80,-81,-81,-77,-78,-78,
-82,-83,-84,-81,-82,-84,-78,-78,-77,
-84,-82,-82,-84,-78,-74,-77,-90,-108,
-82,-82,-81,-74,-76,-84,-108,-106,-115,
-81,-79,-78,-84,-100,114,-115,114,79,
-78,-96,-117,114,49,91,79,43,105,
-117,-109,-84,91,-125,-84,105,-120,-81,
-84,-85,-88,-84,-85,-86,-81,-85,-82,
-88,-87,-85,-86,-85,-85,-82,-84,-84,
-85,-87,-89,-85,-85,-85,-84,-81,-79,
-89,-81,-90,-85,-79,-115,-79,-79,117,
-90,-111,58,-115,77,44,117,64,48,
58,27,64,44,53,78,48,-106,-111,
64,45,35,78,97,42,-111,115,42,
35,97,-121,42,98,-119,42,100,-117,
-121,-89,-89,-119,-85,-89,-117,-84,-88,
-89,-88,-85,-89,-88,-85,-88,-88,-85,
-85,-85,-63,-85,-85,-62,-85,-84,-61,
-63,-6,-1,-62,-4,-1,-61,-4,-1,
-1,-1,-1,-1,-1,-1,-1,-1,-1,
-1,-1,-2,-1,-1,-2,-1,-1,-2,
-1,-1,-1,-1,-1,-1,-1,-1,-1,
-1,-1,-1,-1,-1,-1,-1,-1,-1,
-1,-1,-1,-1,-1,-1,-1,-1,-1,
-1,-1,-1,-1,-1,-1,-1,-1,-1,
-1,-2,-1,-1,-1,-1,-1,-1,-1,
-1,-1,-7,-1,-2,-4,-1,-2,-4,
-7,-9,-12,-4,-9,-12,-4,-9,-12,
-12,-15,-18,-12,-15,-17,-12,-14,-16,
-18,-19,-19,-17,-18,-19,-16,-17,-18,
-19,-20,-20,-19,-20,-20,-18,-20,-19,
-20,-22,-24,-20,-22,-20,-19,-21,-19,
-24,-90,76,-20,-86,80,-19,-82,85,
76,33,44,80,38,-3,85,36,-9,
44,43,54,-3,0,-1,-9,-7,0,
54,79,58,-1,-4,43,0,2,-4,
58,-105,-59,43,46,51,-4,2,47,
-59,-23,-27,51,-72,-17,47,-80,-15,
-27,-26,-23,-17,-25,-23,-15,-24,-23,
-23,-24,-23,-23,-23,-24,-23,-23,-25,
-23,-24,-28,-24,-25,-27,-25,-26,-27,
-28,-29,-28,-27,-28,-29,-27,-28,-30,
-28,-31,-33,-29,-32,-34,-30,-32,-34,
-33,-36,-39,-34,-36,-37,-34,-35,-35,
-39,-53,-80,-37,-47,-79,-35,-44,-77,
-80,-79,-77,-79,-78,-75,-77,-75,-73,
-77,-76,-75,-75,-75,-75,-73,-74,-75,
-75,-75,-77,-75,-75,-78,-75,-76,-74,
-77,-78,-78,-78,-79,-77,-74,-77,-79,
-78,-78,-77,-77,-86,-90,-79,-101,-58,
-77,-90,-108,-90,110,61,-58,98,60,
-108,-106,-115,61,-67,-117,60,-110,-53,
-115,114,79,-117,48,90,-53,-74,91,
79,43,105,90,44,106,91,39,108,
105,-120,-81,106,-115,-81,108,-113,-83,
-81,-85,-82,-81,-86,-84,-83,-85,-85,
-82,-84,-84,-84,-83,-83,-85,-83,-83,
-84,-81,-79,-83,-83,-85,-83,-83,-84,
-79,-79,117,-85,-83,-98,-84,-83,-90,
117,64,48,-98,-115,65,-90,-110,63,
48,-106,-111,65,-117,-56,63,-112,-58,
-111,115,42,-56,113,44,-58,107,47,
42,100,-117,44,98,-116,47,102,-116,
-117,-84,-88,-116,-85,-89,-116,-85,-89,
-88,-88,-85,-89,-89,-87,-89,-89,-87,
-85,-84,-61,-87,-88,-58,-87,-89,-56,
-61,-4,-1,-58,-2,-3,-56,-1,-3,
-1,-1,-1,-3,-1,-1,-3,-1,-1,
-1,-1,-2,-1,-1,-2,-1,-1,-2,
-1,-1,-1,-1,-1,-1,-1,-1,-1,
-1,-1,-1,-1,-1,-1,-1,-1,-1,
-1,-1,-1,-1,-1,-1,-1,-1,-1,
-1,-1,-1,-1,-1,-1,-1,-1,-1,
-1,-1,-1,-1,-1,-1,-1,-1,-1,
-1,-2,-4,-1,-2,-3,-1,-2,-3,
-4,-9,-12,-3,-7,-9,-3,-7,-9,
-12,-14,-16,-9,-13,-15,-9,-12,-15,
-16,-17,-18,-15,-16,-17,-15,-15,-16,
-18,-20,-19,-17,-19,-18,-16,-18,-17,
-19,-21,-19,-18,-20,-19,-17,-20,-19,
-19,-82,85,-19,-77,90,-19,-73,94,
85,36,-9,90,37,-11,94,40,-7,
-9,-7,0,-11,-11,2,-7,-8,9,
0,2,-4,2,-3,-12,9,0,-11,
-4,2,47,-12,0,1,-11,3,5,
47,-80,-15,1,-82,-18,5,-84,-18,
-15,-24,-23,-18,-23,-23,-18,-23,-23,
-23,-23,-25,-23,-23,-25,-23,-23,-25,
-25,-26,-27,-25,-26,-27,-25,-26,-27,
-27,-28,-30,-27,-28,-28,-27,-28,-28,
-30,-32,-34,-28,-30,-33,-28,-30,-32,
-34,-35,-35,-33,-32,-33,-32,-31,-31,
-35,-44,-77,-33,-42,-74,-31,-40,-72,
-77,-75,-73,-74,-73,-71,-72,-72,-69,
-73,-74,-75,-71,-72,-74,-69,-71,-72,
-75,-76,-74,-74,-75,-74,-72,-73,-77,
-74,-77,-79,-74,-77,-79,-77,-79,-76,
-79,-101,-58,-79,-99,-49,-76,-99,-104,
-58,98,60,-49,107,62,-104,113,69,
60,-110,-53,62,-102,-48,69,-99,-108,
-53,-74,91,-48,-71,95,-108,107,60,
91,39,108,95,44,106,60,42,106,
108,-113,-83,106,-114,-81,106,-114,-81,
-83,-85,-85,-81,-83,-84,-81,-84,-84,
-85,-83,-83,-84,-83,-83,-84,-84,-84,
-83,-83,-84,-83,-83,-84,-84,-84,-83,
-84,-83,-90,-84,-83,-88,-83,-84,-90,
-90,-110,63,-88,-110,62,-90,-56,60,
63,-112,-58,62,-117,-117,60,53,82,
-58,107,47,-117,93,41,82,43,62,
47,102,-116,41,100,-116,62,112,-112,
-116,-85,-89,-116,-85,-89,-112,-85,-89,
-89,-89,-87,-89,-89,-87,-89,-88,-87,
-87,-89,-56,-87,-88,-55,-87,-88,-52,
-56,-1,-3,-55,-1,-2,-52,-1,-2,
-3,-1,-1,-2,-1,-1,-2,-1,-1,
-1,-1,-2,-1,-1,-2,-1,-1,-2,
-1,-1,-1,-1,-1,-1,-1,-1,-1,
-1,-1,-1,-1,-1,-1,-1,-1,-1,
-1,-1,-1,-1,-1,-1,-1,-1,-1,
-1,-1,-1,-1,-1,-1,-1,-1,-1,
-1,-1,-1,-1,-1,-1,-1,-1,-1,
-1,-2,-3,-1,-2,-3,-1,-2,-3,
-3,-7,-9,-3,-7,-9,-3,-7,-9,
-9,-12,-15,-9,-12,-15,-9,-12,-15,
-15,-15,-16,-15,-16,-18,-15,-16,-18,
-16,-18,-17,-18,-19,-18,-18,-19,-18,
-17,-20,-19,-18,-21,-19,-18,-21,-18,
-19,-73,94,-19,-71,42,-18,-70,43,
94,40,-7,42,36,-6,43,37,-6,
-7,-8,9,-6,-8,6,-6,-7,6,
9,0,-11,6,0,-11,6,1,-10,
-11,3,5,-11,4,1,-10,5,2,
5,-84,-18,1,-86,-16,2,-90,-17,
-18,-23,-23,-16,-23,-22,-17,-22,-23,
-23,-23,-25,-22,-25,-25,-23,-25,-25,
-25,-26,-27,-25,-25,-25,-25,-25,-25,
-27,-28,-28,-25,-26,-27,-25,-26,-27,
-28,-30,-32,-27,-28,-31,-27,-28,-30,
-32,-31,-31,-31,-29,-30,-30,-28,-30,
-31,-40,-72,-30,-39,-70,-30,-38,-70,
-72,-72,-69,-70,-71,-69,-70,-71,-69,
-69,-71,-72,-69,-69,-70,-69,-69,-70,
-72,-73,-77,-70,-71,-74,-70,-71,-74,
-77,-79,-76,-74,-78,-76,-74,-73,-76,
-76,-99,-104,-76,-99,-102,-76,-95,-63,
-104,113,69,-102,114,61,-63,75,34,
69,-99,-108,61,59,74,34,49,69,
-108,107,60,74,46,40,69,93,87,
60,42,106,40,45,108,87,47,111,
106,-114,-81,108,-113,-82,111,-110,-80,
-81,-84,-84,-82,-84,-85,-80,-83,-84,
-84,-84,-84,-85,-84,-84,-84,-84,-84,
-84,-84,-83,-84,-85,-84,-84,-82,-82,
-83,-84,-90,-84,-82,-98,-82,-81,108,
-90,-56,60,-98,108,40,108,50,35,
60,53,82,40,52,75,35,-109,-77,
82,43,62,75,56,-95,-77,-73,-72,
62,112,-112,-95,-80,-81,-72,-85,-88,
-112,-85,-89,-81,-87,-89,-88,-88,-89,
-89,-88,-87,-89,-89,-89,-89,-89,-87,
-87,-88,-52,-89,-91,-46,-87,-85,-44,
-52,-1,-2,-46,-4,-4,-44,-2,-2,
-2,-1,-1,-4,-1,-1,-2,-1,-1,
-1,-1,-2,-1,-1,-2,-1,-1,-2,
-1,-1,-1,-1,-1,-1,-1,-1,-1,
-1,-1,-1,-1,-1,-1,-1,-1,-1,
-1,-1,-1,-1,-1,-1,-1,-1,-1,
-1,-1,-1,-1,-1,-1,-1,-1,-1,
-1,-1,-1,-1,-1,-1,-1,-1,-1,
-1,-2,-3,-1,-2,-3,-1,-2,-4,
-3,-7,-9,-3,-7,-9,-4,-7,-9,
-9,-12,-15,-9,-12,-15,-9,-12,-14,
-15,-16,-18,-15,-16,-18,-14,-16,-18,
-18,-19,-18,-18,-19,-18,-18,-19,-19,
-18,-21,-18,-18,-21,-16,-19,-20,-18,
-18,-70,43,-16,-68,45,-18,-64,103,
43,37,-6,45,38,-6,103,38,-5,
-6,-7,6,-6,-8,5,-5,-7,5,
6,1,-10,5,2,-10,5,3,-10,
-10,5,2,-10,6,2,-10,6,2,
2,-90,-17,2,-95,-17,2,-98,-17,
-17,-22,-23,-17,-21,-23,-17,-21,-22,
-23,-25,-25,-23,-25,-25,-22,-24,-25,
-25,-25,-25,-25,-25,-25,-25,-25,-25,
-25,-26,-27,-25,-26,-27,-25,-26,-27,
-27,-28,-30,-27,-28,-30,-27,-28,-30,
-30,-28,-30,-30,-27,-28,-30,-28,-29,
-30,-38,-70,-28,-37,-70,-29,-37,-70,
-70,-71,-69,-70,-71,-69,-70,-71,-69,
-69,-69,-70,-69,-69,-70,-69,-69,-70,
-70,-71,-74,-70,-71,-75,-70,-70,-72,
-74,-73,-76,-75,-72,-73,-72,-72,-77,
-76,-95,-63,-73,101,51,-77,50,52,
-63,75,34,51,45,59,52,100,69,
34,49,69,59,73,-102,69,-95,-96,
69,93,87,-102,-71,98,-96,-68,93,
87,47,111,98,42,113,93,45,110,
111,-110,-80,113,-109,-80,110,-107,-79,
-80,-83,-84,-80,-82,-84,-79,-82,-83,
-84,-84,-84,-84,-84,-84,-83,-84,-84,
-84,-82,-82,-84,-86,-83,-84,-84,-82,
-82,-81,108,-83,-84,-120,-82,-84,-76,
108,50,35,-120,-105,-72,-76,-70,-76,
35,-109,-77,-72,-70,-78,-76,-80,-86,
-77,-73,-72,-78,-87,-85,-86,-89,-90,
-72,-85,-88,-85,-82,-85,-90,-89,-89,
-88,-88,-89,-85,-89,-87,-89,-87,-90,
-89,-89,-87,-87,-87,-91,-90,-99,-111,
-87,-85,-44,-91,-102,-83,-111,-122,-101,
-44,-2,-2,-83,-6,-3,-101,-9,-2,
-2,-1,-1,-3,-1,-1,-2,-2,-2,
-1,-1,-2,-1,-1,-2,-2,-1,-2,
-1,-1,-1,-1,-1,-1,-1,-1,-1,
-1,-1,-1,-1,-1,-1,-1,-1,-1,
-1,-1,-1,-1,-1,-1,-1,-1,-1,
-1,-1,-1,-1,-1,-1,-1,-1,-1,
-1,-1,-1,-1,-2,-2,-1,-2,-2,
-1,-2,-4,-2,-2,-7,-2,-2,-7,
-4,-7,-9,-7,-8,-9,-7,-9,-11,
-9,-12,-14,-9,-12,-14,-11,-13,-15,
-14,-16,-18,-14,-16,-19,-15,-16,-19,
-18,-19,-19,-19,-18,-20,-19,-18,-20,
-19,-20,-18,-20,-19,-20,-20,-19,-19,
-18,-64,103,-20,-60,106,-19,-57,108,
103,38,-5,106,39,-4,108,40,-5,
-5,-7,5,-4,-8,5,-5,-8,4,
5,3,-10,5,4,-11,4,3,-10,
-10,6,2,-11,8,2,-10,7,2,
2,-98,-17,2,-100,-17,2,-106,-19,
-17,-21,-22,-17,-21,-23,-19,-22,-23,
-22,-24,-25,-23,-24,-25,-23,-24,-25,
-25,-25,-25,-25,-25,-25,-25,-25,-25,
-25,-26,-27,-25,-26,-27,-25,-26,-27,
-27,-28,-30,-27,-28,-29,-27,-28,-29,
-30,-28,-29,-29,-30,-31,-29,-30,-31,
-29,-37,-70,-31,-37,-68,-31,-37,-67,
-70,-71,-69,-68,-71,-69,-67,-70,-68,
-69,-69,-70,-69,-69,-69,-68,-69,-69,
-70,-70,-72,-69,-69,-71,-69,-69,-75,
-72,-72,-77,-71,-73,-79,-75,-75,-72,
-77,50,52,-79,-101,-91,-72,-92,-88,
52,100,69,-91,114,63,-88,112,65,
69,-95,-96,63,-99,-101,65,-99,-98,
-96,-68,93,-101,-70,85,-98,-66,85,
93,45,110,85,49,108,85,43,107,
110,-107,-79,108,-105,-78,107,-105,-79,
-79,-82,-83,-78,-84,-82,-79,-84,-83,
-83,-84,-84,-82,-84,-84,-83,-84,-84,
-84,-84,-82,-84,-84,-83,-84,-84,-85,
-82,-84,-76,-83,-83,-82,-85,-85,-84,
-76,-70,-76,-82,-83,-84,-84,-85,-85,
-76,-80,-86,-84,-84,-85,-85,-86,-84,
-86,-89,-90,-85,-85,-86,-84,-85,-85,
-90,-89,-89,-86,-87,-93,-85,-99,-109,
-89,-87,-90,-93,-103,-109,-109,-119,76,
-90,-99,-111,-109,-114,-102,76,-106,-103,
-111,-122,-101,-102,-107,-90,-103,-53,-88,
-101,-9,-2,-90,-4,-2,-88,-1,-3,
-2,-2,-2,-2,-2,-2,-3,-2,-2,
-2,-1,-2,-2,-2,-2,-2,-3,-2,
-1,-1,-1,-1,-1,-1,-1,-1,-1,
-1,-1,-1,-1,-1,-1,-1,-1,-1,
-1,-1,-1,-1,-1,-1,-1,-1,-1,
-1,-1,-1,-1,-1,-1,-1,-1,-1,
-1,-2,-2,-1,-2,-2,-1,-3,-3,
-2,-2,-7,-2,-2,-8,-3,-2,-6,
-7,-9,-11,-8,-9,-12,-6,-12,-13,
-11,-13,-15,-12,-14,-15,-13,-14,-15,
-15,-16,-19,-15,-16,-19,-15,-16,-18,
-19,-18,-20,-19,-18,-20,-18,-17,-19,
-20,-19,-19,-20,-19,-18,-19,-18,-19,
-19,-57,108,-18,-55,110,-19,-53,61,
108,40,-5,110,40,-8,61,41,-2,
-5,-8,4,-8,-10,4,-2,-1,4,
4,3,-10,4,3,-10,4,4,-12,
-10,7,2,-10,8,2,-12,5,1,
2,-106,-19,2,-110,-20,1,-111,-17,
-19,-22,-23,-20,-21,-23,-17,-23,-24,
-23,-24,-25,-23,-24,-24,-24,-24,-24,
-25,-25,-25,-24,-25,-25,-24,-25,-25,
-25,-26,-27,-25,-26,-27,-25,-25,-26,
-27,-28,-29,-27,-28,-29,-26,-27,-28,
-29,-30,-31,-29,-30,-31,-28,-30,-31,
-31,-37,-67,-31,-36,-67,-31,-36,-67,
-67,-70,-68,-67,-69,-67,-67,-69,-67,
-68,-69,-69,-67,-69,-69,-67,-68,-69,
-69,-69,-75,-69,-69,-72,-69,-70,-71,
-75,-75,-72,-72,-71,-71,-71,-75,-74,
-72,-92,-88,-71,-96,-99,-74,-96,-95,
-88,112,65,-99,105,68,-95,107,60,
65,-99,-98,68,-95,-54,60,118,71,
-98,-66,85,-54,107,55,71,40,59,
85,43,107,55,39,99,59,95,70,
107,-105,-79,99,-105,-79,70,-94,-81,
-79,-84,-83,-79,-84,-83,-81,-83,-86,
-83,-84,-84,-83,-84,-84,-86,-87,-85,
-84,-84,-85,-84,-84,-85,-85,-85,-88,
-85,-85,-84,-85,-85,-85,-88,-87,-84,
-84,-85,-85,-85,-87,-87,-84,-85,-92,
-85,-86,-84,-87,-88,-92,-92,-99,-112,
-84,-85,-85,-92,-100,-110,-112,-117,-102,
-85,-99,-109,-110,-116,-120,-102,-120,-121,
-109,-119,76,-120,-106,-104,-121,-100,-99,
76,-106,-103,-104,-102,-101,-99,-103,-103,
-103,-53,-88,-101,-105,-94,-103,50,90,
-88,-1,-3,-94,-8,-4,90,-59,-6,
-3,-2,-2,-4,-2,-2,-6,-6,-4,
-2,-3,-2,-2,-3,-2,-4,-4,-2,
-1,-1,-1,-1,-1,-1,-1,-1,-1,
-1,-1,-1,-1,-1,-1,-1,-1,-1,
-1,-1,-1,-1,-1,-1,-1,-1,-1,
-1,-1,-1,-1,-1,-1,-1,-1,-1,
-1,-3,-3,-1,-2,-2,-1,-1,-1,
-3,-2,-6,-2,-3,-9,-1,-3,-11,
-6,-12,-13,-9,-9,-15,-11,-11,-12,
-13,-14,-15,-15,-18,-17,-12,-13,-17,
-15,-16,-18,-17,-17,-18,-17,-18,-19,
-18,-17,-19,-18,-18,-19,-19,-19,-20,
-19,-18,-19,-19,-18,-19,-20,-19,-18,
-19,-53,61,-19,-52,63,-18,-49,65,
61,41,-2,63,41,-3,65,42,-6,
-2,-1,4,-3,-3,5,-6,-10,5,
4,4,-12,5,5,0,5,4,-1,
-12,5,1,0,4,-3,-1,0,33,
1,-111,-17,-3,66,-19,33,-87,-20,
-17,-23,-24,-19,-23,-25,-20,-25,-24,
-24,-24,-24,-25,-25,-24,-24,-25,-24,
-24,-25,-25,-24,-25,-25,-24,-25,-25,
-25,-25,-26,-25,-25,-26,-25,-25,-26,
-26,-27,-28,-26,-27,-28,-26,-27,-28,
-28,-30,-31,-28,-29,-31,-28,-28,-29,
-31,-36,-67,-31,-36,-67,-29,-35,-66,
-67,-69,-67,-67,-69,-67,-66,-69,-67,
-67,-68,-69,-67,-68,-69,-67,-68,-69,
-69,-70,-71,-69,-70,-69,-69,-70,-69,
-71,-75,-74,-69,-76,-69,-69,-73,-67,
-74,-96,-95,-69,-97,-63,-67,62,55,
-95,107,60,-63,79,30,55,47,34,
60,118,71,30,54,74,34,-113,-77,
71,40,59,74,70,-91,-77,-67,-69,
59,95,70,-91,-76,-76,-69,-71,-77,
70,-94,-81,-76,-83,-83,-77,-83,-84,
-81,-83,-86,-83,-84,-83,-84,-85,-82,
-86,-87,-85,-83,-83,-84,-82,-83,-88,
-85,-85,-88,-84,-84,-85,-88,-88,-89,
-88,-87,-84,-85,-85,-88,-89,-103,-113,
-84,-85,-92,-88,-100,-110,-113,-102,-102,
-92,-99,-112,-110,-119,-101,-102,-102,-102,
-112,-117,-102,-101,-101,-102,-102,-103,-103,
-102,-120,-121,-102,-101,-48,-103,-49,-103,
-121,-100,-99,-48,-50,-107,-103,61,34,
-99,-103,-103,-107,55,28,34,61,57,
-103,50,90,28,16,68,57,94,-70,
90,-59,-6,68,-34,-4,-70,-19,-9,
-6,-6,-4,-4,-3,-4,-9,-3,-4,
-4,-4,-2,-4,-4,-2,-4,-4,-2,
-1,-1,-1,-1,-1,-1,-1,-1,-1,
-1,-1,-1,-1,-1,-1,-1,-1,-1,
-1,-1,-1,-1,-1,-1,-1,-1,-2,
-1,-1,-1,-1,-1,-1,-2,-3,-2,
-1,-1,-1,-1,-1,-1,-2,-3,-3,
-1,-3,-11,-1,-20,-41,-3,-24,-59,
-11,-11,-12,-41,-33,-25,-59,-55,-47,
-12,-13,-17,-25,-18,-18,-47,-41,-34,
-17,-18,-19,-18,-18,-18,-34,-28,-19,
-19,-19,-20,-18,-20,-22,-19,-18,-22,
-20,-19,-18,-22,-22,-18,-22,-26,-20,
-18,-49,65,-18,-47,66,-20,-46,69,
65,42,-6,66,42,-7,69,41,-5,
-6,-10,5,-7,-14,4,-5,-11,3,
5,4,-1,4,2,-14,3,5,-12,
-1,0,33,-14,0,38,-12,5,-3,
33,-87,-20,38,-92,-23,-3,78,-19,
-20,-25,-24,-23,-25,-25,-19,-24,-25,
-24,-25,-24,-25,-25,-25,-25,-27,-25,
-24,-25,-25,-25,-25,-25,-25,-25,-26,
-25,-25,-26,-25,-25,-26,-26,-27,-28,
-26,-27,-28,-26,-27,-28,-28,-28,-28,
-28,-28,-29,-28,-27,-29,-28,-29,-30,
-29,-35,-66,-29,-34,-66,-30,-34,-64,
-66,-69,-67,-66,-69,-67,-64,-67,-67,
-67,-68,-69,-67,-68,-69,-67,-68,-70,
-69,-70,-69,-69,-71,-71,-70,-72,-70,
-69,-73,-67,-71,-70,-74,-70,-72,-81,
-67,62,55,-74,100,101,-81,-85,-76,
55,47,34,101,-101,-83,-76,-66,-70,
34,-113,-77,-83,-69,-65,-70,-75,-77,
-77,-67,-69,-65,-74,-82,-77,-78,-82,
-69,-71,-77,-82,-81,-77,-82,-83,-83,
-77,-83,-84,-77,-83,-85,-83,-83,-84,
-84,-85,-82,-85,-84,-83,-84,-85,-92,
-82,-83,-88,-83,-88,-96,-92,-102,-112,
-88,-88,-89,-96,-106,-114,-112,-118,-118,
-89,-103,-113,-114,-117,-119,-118,-117,-118,
-113,-102,-102,-119,-117,-101,-118,-103,-104,
-102,-102,-102,-101,-102,-102,-104,-101,-101,
-102,-103,-103,-102,-105,-105,-101,65,88,
-103,-49,-103,-105,62,86,88,64,53,
-103,61,34,86,60,53,53,61,106,
34,61,57,53,68,115,106,-89,-49,
57,94,-70,115,-78,-42,-49,-42,-35,
-70,-19,-9,-42,-27,-21,-35,-29,-23,
-9,-3,-4,-21,-10,-9,-23,-15,-9,
-4,-4,-2,-9,-8,-2,-9,-4,-2,
-1,-1,-1,-1,-1,-1,-1,-1,-1,
-1,-1,-1,-1,-1,-1,-1,-1,-1,
-1,-1,-2,-1,-1,-2,-1,-1,-3,
-2,-3,-2,-2,-3,-3,-3,-4,-2,
-2,-3,-3,-3,-2,-3,-2,-3,-4,
-3,-24,-59,-3,-23,-57,-4,-21,-55,
-59,-55,-47,-57,-57,-59,-55,-56,-58,
-47,-41,-34,-59,-59,-55,-58,-59,-57,
-34,-28,-19,-55,-50,-46,-57,-60,-63,
-19,-18,-22,-46,-35,-30,-63,-61,-54,
-22,-26,-20,-30,-26,-20,-54,-44,-34,
-20,-46,69,-20,-44,69,-34,-50,63,
69,41,-5,69,44,-7,63,45,-9,
-5,-11,3,-7,-13,2,-9,-16,0,
3,5,-12,2,5,-12,0,5,-12,
-12,5,-3,-12,5,-1,-12,5,-2,
-3,78,-19,-1,75,-20,-2,69,-20,
-19,-24,-25,-20,-24,-24,-20,-23,-25,
-25,-27,-25,-24,-27,-26,-25,-26,-26,
-25,-25,-26,-26,-26,-27,-26,-27,-29,
-26,-27,-28,-27,-28,-28,-29,-29,-28,
-28,-28,-28,-28,-28,-28,-28,-28,-28,
-28,-29,-30,-28,-29,-30,-28,-29,-30,
-30,-34,-64,-30,-34,-64,-30,-34,-64,
-64,-67,-67,-64,-67,-67,-64,-67,-67,
-67,-68,-70,-67,-68,-70,-67,-68,-70,
-70,-72,-70,-70,-72,-75,-70,-72,-75,
-70,-72,-81,-75,-76,-76,-75,-75,-73,
-81,-85,-76,-76,-70,-65,-73,-73,-79,
-76,-66,-70,-65,-72,-78,-79,-81,-76,
-70,-75,-77,-78,-78,-78,-76,-80,-81,
-77,-78,-82,-78,-79,-84,-81,-82,-82,
-82,-83,-83,-84,-83,-82,-82,-87,-93,
-83,-83,-84,-82,-83,-92,-93,-105,-113,
-84,-85,-92,-92,-105,-115,-113,-118,-119,
-92,-102,-112,-115,-119,-118,-119,-118,-116,
-112,-118,-118,-118,-118,-119,-116,-117,-102,
-118,-117,-118,-119,-119,-101,-102,-103,-104,
-118,-103,-104,-101,-100,-104,-104,70,42,
-104,-101,-101,-104,67,36,42,62,50,
-101,65,88,36,63,54,50,51,90,
88,64,53,54,55,90,90,-108,-55,
53,61,106,90,-99,-56,-55,-45,-43,
106,-89,-49,-56,-49,-38,-43,-43,-41,
-49,-42,-35,-38,-35,-33,-41,-31,-30,
-35,-29,-23,-33,-27,-20,-30,-23,-18,
-23,-15,-9,-20,-14,-9,-18,-13,-8,
-9,-4,-2,-9,-4,-2,-8,-3,-2,
-1,-1,-1,-1,-1,-1,-1,-1,-1,
-1,-1,-1,-1,-1,-1,-1,-1,-1,
-1,-1,-3,-1,-1,-5,-1,-1,-2,
-3,-4,-2,-5,-6,-3,-2,-3,-2,
-2,-3,-4,-3,-3,-4,-2,-5,-19,
-4,-21,-55,-4,-20,-61,-19,-79,-94,
-55,-56,-58,-61,-66,-63,-94,-70,-70,
-58,-59,-57,-63,-61,-66,-70,-65,-67,
-57,-60,-63,-66,-60,-59,-67,-62,-61,
-63,-61,-54,-59,-64,-65,-61,-64,-65,
-54,-44,-34,-65,-65,-61,-65,-64,-65,
-34,-50,63,-61,-69,62,-65,-76,57,
63,45,-9,62,53,41,57,54,39,
-9,-16,0,41,-14,0,39,-13,0,
0,5,-12,0,5,-12,0,4,-13,
-12,5,-2,-12,3,0,-13,0,0,
-2,69,-20,0,62,-24,0,60,-21,
-20,-23,-25,-24,-24,-26,-21,-25,-27,
-25,-26,-26,-26,-26,-26,-27,-28,-28,
-26,-27,-29,-26,-28,-29,-28,-28,-28,
-29,-29,-28,-29,-28,-29,-28,-28,-29,
-28,-28,-28,-29,-29,-29,-29,-29,-29,
-28,-29,-30,-29,-29,-30,-29,-29,-30,
-30,-34,-64,-30,-34,-64,-30,-34,-64,
-64,-67,-67,-64,-67,-68,-64,-67,-68,
-67,-68,-70,-68,-69,-71,-68,-69,-71,
-70,-72,-75,-71,-73,-73,-71,-73,-74,
-75,-75,-73,-73,-73,-76,-74,-75,-77,
-73,-73,-79,-76,-75,-77,-77,-78,-79,
-79,-81,-76,-77,-80,-77,-79,-80,-81,
-76,-80,-81,-77,-79,-80,-81,-83,-94,
-81,-82,-82,-80,-83,-95,-94,-105,-111,
-82,-87,-93,-95,-105,-114,-111,-113,-115,
-93,-105,-113,-114,-118,-115,-115,-102,-98,
-113,-118,-119,-115,-114,-101,-98,-102,-102,
-119,-118,-116,-101,-101,-100,-102,-98,-103,
-116,-117,-102,-100,-105,-106,-103,69,96,
-102,-103,-104,-106,68,42,96,68,53,
-104,70,42,42,65,51,53,51,77,
42,62,50,51,56,82,77,-117,-68,
50,51,90,82,-116,-65,-68,-50,-53,
90,-108,-55,-65,-48,-46,-53,-45,-41,
-55,-45,-43,-46,-42,-36,-41,-38,-35,
-43,-43,-41,-36,-34,-31,-35,-31,-27,
-41,-31,-30,-31,-28,-25,-27,-23,-18,
-30,-23,-18,-25,-19,-15,-18,-15,-9,
-18,-13,-8,-15,-9,-6,-9,-4,-4,
-8,-3,-2,-6,-3,-2,-4,-3,-2,
-1,-1,-1,-1,-1,-1,-1,-1,-1,
-1,-1,-1,-1,-1,-1,-1,-1,-1,
-1,-1,-2,-1,-1,-2,-1,-1,-5,
-2,-3,-2,-2,-4,-4,-5,-6,-2,
-2,-5,-19,-4,-4,-32,-2,-3,-5,
-19,-79,-94,-32,38,18,-5,-40,78,
-94,-70,-70,18,46,82,78,14,9,
-70,-65,-67,82,-88,-71,9,30,60,
-67,-62,-61,-71,-66,-69,60,-87,-84,
-61,-64,-65,-69,-68,-68,-84,-71,-69,
-65,-64,-65,-68,-68,-66,-69,-69,-68,
-65,-76,57,-66,-77,111,-68,-78,109,
57,54,39,111,53,36,109,53,34,
39,-13,0,36,38,-1,34,35,-3,
0,4,-13,-1,3,-13,-3,3,-14,
-13,0,0,-13,0,0,-14,-1,9,
0,60,-21,0,57,-21,9,-102,-38,
-21,-25,-27,-21,-28,-29,-38,-31,-29,
-27,-28,-28,-29,-29,-29,-29,-30,-29,
-28,-28,-28,-29,-30,-30,-29,-30,-30,
-28,-28,-29,-30,-30,-29,-30,-30,-29,
-29,-29,-29,-29,-29,-29,-29,-29,-29,
-29,-29,-30,-29,-29,-30,-29,-29,-30,
-30,-34,-64,-30,-34,-64,-30,-34,-64,
-64,-67,-68,-64,-67,-68,-64,-67,-68,
-68,-69,-71,-68,-69,-71,-68,-69,-71,
-71,-73,-74,-71,-73,-75,-71,-73,-75,
-74,-75,-77,-75,-76,-78,-75,-76,-78,
-77,-78,-79,-78,-78,-78,-78,-83,-94,
-79,-80,-81,-78,-84,-92,-94,-106,-115,
-81,-83,-94,-92,-107,-112,-115,-115,-114,
-94,-105,-111,-112,-117,-117,-114,-113,-114,
-111,-113,-115,-117,-116,-116,-114,-100,-105,
-115,-102,-98,-116,-101,-97,-105,-104,-102,
-98,-102,-102,-97,-99,-101,-102,72,104,
-102,-98,-103,-101,75,98,104,70,49,
-103,69,96,98,67,51,49,48,65,
96,68,53,51,51,76,65,113,-86,
53,51,77,76,-107,-73,-86,-53,-50,
77,-117,-68,-73,-54,-46,-50,-54,-47,
-68,-50,-53,-46,-46,-46,-47,-43,-35,
-53,-45,-41,-46,-38,-35,-35,-30,-30,
-41,-38,-35,-35,-32,-29,-30,-26,-24,
-35,-31,-27,-29,-26,-21,-24,-20,-15,
-27,-23,-18,-21,-17,-13,-15,-12,-9,
-18,-15,-9,-13,-9,-6,-9,-4,-2,
-9,-4,-4,-6,-4,-2,-2,-3,-2,
-4,-3,-2,-2,-2,-2,-2,-1,-2,
-1,-1,-1,-1,-1,-1,-1,-1,-1,
-1,-1,-1,-1,-1,-1,-1,-1,-1,
-1,-1,-5,-1,-1,-2,-1,-1,-1,
-5,-6,-2,-2,-2,-1,-1,-1,-1,
-2,-3,-5,-1,-1,-2,-1,-2,-4,
-5,-40,78,-2,-2,-51,-4,-4,-3,
78,14,9,-51,63,83,-3,-14,-45,
9,30,60,83,64,61,-45,-99,49,
60,-87,-84,61,12,31,49,66,55,
-84,-71,-69,31,65,-95,55,7,16,
-69,-69,-68,-95,-80,-69,16,42,77,
-68,-78,109,-69,-82,104,77,-96,109,
109,53,34,104,47,28,109,81,65,
34,35,-3,28,-13,-6,65,52,-10,
-3,3,-14,-6,0,-14,-10,-11,-14,
-14,-1,9,-14,-3,11,-14,-9,4,
9,-102,-38,11,-80,-64,4,-86,-65,
-38,-31,-29,-64,-56,-51,-65,-70,-72,
-29,-30,-29,-51,-39,-31,-72,-66,-59,
-29,-30,-30,-31,-30,-30,-59,-51,-41,
-30,-30,-29,-30,-30,-30,-41,-32,-28,
-29,-29,-29,-30,-30,-29,-28,-31,-31,
-29,-29,-30,-29,-29,-28,-31,-28,-30,
-30,-34,-64,-28,-31,-62,-30,-35,-62,
-64,-67,-68,-62,-66,-67,-62,-67,-70,
-68,-69,-71,-67,-68,-71,-70,-67,-68,
-71,-73,-75,-71,-73,-74,-68,-78,-96,
-75,-76,-78,-74,-81,-92,-96,-106,-111,
-78,-83,-94,-92,-105,-115,-111,-113,-113,
-94,-106,-115,-115,-114,-114,-113,-116,-117,
-115,-115,-114,-114,-98,-119,-117,-99,-101,
-114,-113,-114,-119,77,-102,-101,-98,-105,
-114,-100,-105,-102,-102,-49,-105,-105,56,
-105,-104,-102,-49,-106,49,56,77,51,
-102,72,104,49,13,52,51,50,63,
104,70,49,52,47,64,63,105,-98,
49,48,65,64,110,-94,-98,-57,-45,
65,113,-86,-94,-55,-52,-45,-48,-42,
-86,-53,-50,-52,-49,-46,-42,-42,-39,
-50,-54,-47,-46,-43,-36,-39,-36,-32,
-47,-43,-35,-36,-35,-30,-32,-29,-26,
-35,-30,-30,-30,-27,-24,-26,-23,-19,
-30,-26,-24,-24,-21,-19,-19,-17,-12,
-24,-20,-15,-19,-17,-10,-12,-7,-3,
-15,-12,-9,-10,-5,-4,-3,-1,-2,
-9,-4,-2,-4,-3,-3,-2,-2,-2,
-2,-3,-2,-3,-1,-1,-2,-1,-1,
-2,-1,-2,-1,-1,-2,-1,-1,-2,
-1,-1,-1,-1,-1,-1,-1,-1,-1,
-1,-1,-1,-1,-1,-1,-1,-1,-1,
-1,-1,-1,-1,-1,-1,-1,-1,-1,
-1,-1,-1,-1,-1,-1,-1,-1,-1,
-1,-2,-4,-1,-6,-4,-1,-2,-3,
-4,-4,-3,-4,-6,-4,-3,-4,-3,
-3,-14,-45,-4,-8,-2,-3,-4,-4,
-45,-99,49,-2,-7,-28,-4,-4,-3,
49,66,55,-28,-70,75,-3,-1,-7,
55,7,16,75,26,2,-7,-37,-92,
16,42,77,2,53,46,-92,106,-103,
77,-96,109,46,-69,-70,-103,-66,-63,
109,81,65,-70,-75,-86,-63,-55,-56,
65,52,-10,-86,-106,56,-56,-62,-72,
-10,-11,-14,56,23,-5,-72,-81,-105,
-14,-9,4,-5,-3,0,-105,51,15,
4,-86,-65,0,-91,-67,15,-90,-67,
-65,-70,-72,-67,-70,-73,-67,-72,-73,
-72,-66,-59,-73,-74,-70,-73,-71,-72,
-59,-51,-41,-70,-66,-62,-72,-72,-69,
-41,-32,-28,-62,-59,-51,-69,-69,-68,
-28,-31,-31,-51,-43,-35,-68,-63,-59,
-31,-28,-30,-35,-32,-30,-59,-53,-43,
-30,-35,-62,-30,-31,-63,-43,-37,-63,
-62,-67,-70,-63,-66,-66,-63,-81,-92,
-70,-67,-68,-66,-76,-94,-92,-107,-107,
-68,-78,-96,-94,-107,-109,-107,-106,-107,
-96,-106,-111,-109,-111,-112,-107,-110,-114,
-111,-113,-113,-112,-113,-114,-114,-118,-118,
-113,-116,-117,-114,-117,-102,-118,-118,-100,
-117,-99,-101,-102,-101,-98,-100,-104,61,
-101,-98,-105,-98,-50,56,61,76,55,
-105,-105,56,56,78,50,55,44,52,
56,77,51,50,46,57,52,84,-111,
51,50,63,57,95,-107,-111,-62,-54,
63,105,-98,-107,-61,-49,-54,-48,-45,
-98,-57,-45,-49,-51,-42,-45,-42,-39,
-45,-48,-42,-42,-44,-42,-39,-38,-34,
-42,-42,-39,-42,-36,-33,-34,-31,-28,
-39,-36,-32,-33,-30,-27,-28,-25,-24,
-32,-29,-26,-27,-24,-21,-24,-19,-16,
-26,-23,-19,-21,-16,-13,-16,-11,-7,
-19,-17,-12,-13,-9,-4,-7,-4,-2,
-12,-7,-3,-4,-1,-1,-2,-1,-3,
-3,-1,-2,-1,-1,-1,-3,-3,-1,
-2,-2,-2,-1,-1,-1,-1,-1,-1,
-2,-1,-1,-1,-1,-1,-1,-1,-1,
-1,-1,-2,-1,-1,-2,-1,-1,-2,
-1,-1,-1,-1,-1,-1,-1,-1,-1,
-1,-1,-1,-1,-1,-1,-1,-1,-1,
-1,-1,-1,-1,-1,-1,-1,-1,-1,
-1,-1,-1,-1,-1,-1,-1,-1,-1,
-1,-2,-3,-1,-1,-1,-1,-1,-1,
-3,-4,-3,-1,-1,-1,-1,-1,-1,
-3,-4,-4,-1,-2,-2,-1,-3,-2,
-4,-4,-3,-2,-2,-3,-2,-2,-2,
-3,-1,-7,-3,-3,-2,-2,-1,-1,
-7,-37,-92,-2,-6,-5,-1,-5,-8,
-92,106,-103,-5,-17,-49,-8,-5,-3,
-103,-66,-63,-49,-88,-100,-3,-36,-102,
-63,-55,-56,-100,-80,-66,-102,115,70,
-56,-62,-72,-66,-64,-61,70,-98,-75,
-72,-81,-105,-61,-64,-60,-75,-60,-61,
-105,51,15,-60,-63,-83,-61,-61,-81,
15,-90,-67,-83,-79,-74,-81,-102,-93,
-67,-72,-73,-74,-68,-72,-93,-83,-78,
-73,-71,-72,-72,-74,-72,-78,-76,-74,
-72,-72,-69,-72,-72,-71,-74,-71,-70,
-69,-69,-68,-71,-70,-70,-70,-71,-73,
-68,-63,-59,-70,-70,-71,-73,-72,-72,
-59,-53,-43,-71,-69,-62,-72,-75,-71,
-43,-37,-63,-62,-56,-78,-71,-69,-95,
-63,-81,-92,-78,-102,-104,-95,-107,-104,
-92,-107,-107,-104,-107,-109,-104,-108,-109,
-107,-106,-107,-109,-111,-110,-109,-112,-116,
-107,-110,-114,-110,-111,-117,-116,-116,-116,
-114,-118,-118,-117,-120,-119,-116,-101,68,
-118,-118,-100,-119,-105,63,68,83,53,
-100,-104,61,63,79,51,53,43,50,
61,76,55,51,45,56,50,77,-57,
55,44,52,56,84,-66,-57,-74,-52,
52,84,-111,-66,-74,-50,-52,-48,-48,
-111,-62,-54,-50,-51,-52,-48,-44,-41,
-54,-48,-45,-52,-44,-41,-41,-39,-36,
-45,-42,-39,-41,-37,-33,-36,-32,-29,
-39,-38,-34,-33,-31,-29,-29,-26,-23,
-34,-31,-28,-29,-27,-24,-23,-21,-18,
-28,-25,-24,-24,-22,-21,-18,-16,-9,
-24,-19,-16,-21,-14,-8,-9,-6,-2,
-16,-11,-7,-8,-3,-3,-2,-2,-2,
-7,-4,-2,-3,-3,-2,-2,-2,-1,
-2,-1,-3,-2,-1,-1,-1,-1,-1,
-3,-3,-1,-1,-1,-1,-1,-1,-1,
-1,-1,-1,-1,-1,-1,-1,-1,-1,
-1,-1,-1,-1,-1,-1,-1,-1,-1,
-1,-1,-2,-1,-1,-2,-1,-1,-2,
-1,-1,-1,-1,-1,-1,-1,-1,-1,
-1,-1,-1,-1,-1,-1,-1,-1,-1,
-1,-1,-1,-1,-1,-1,-1,-1,-1,
-1,-1,-1,-1,-1,-1,-1,-1,-1,
-1,-1,-1,-1,-1,-1,-1,-1,-1,
-1,-1,-1,-1,-1,-1,-1,-1,-1,
-1,-3,-2,-1,-2,-2,-1,-1,-1,
-2,-2,-2,-2,-1,-1,-1,-1,-1,
-2,-1,-1,-1,-2,-2,-1,-1,-1,
-1,-5,-8,-2,-7,-5,-1,-2,-1,
-8,-5,-3,-5,-8,-10,-1,-2,-4,
-3,-36,-102,-10,-2,-7,-4,-2,-2,
-102,115,70,-7,-42,-95,-2,-1,-1,
70,-98,-75,-95,115,106,-1,-14,-56,
-75,-60,-61,106,-118,-85,-56,-114,105,
-61,-61,-81,-85,-74,113,105,116,76,
-81,-102,-93,113,52,22,76,39,43,
-93,-83,-78,22,56,-110,43,56,61,
-78,-76,-74,-110,-85,-77,61,33,66,
-74,-71,-70,-77,-77,-78,66,-99,-85,
-70,-71,-73,-78,-77,-76,-85,-79,-75,
-73,-72,-72,-76,-75,-73,-75,-75,-76,
-72,-75,-71,-73,-70,-69,-76,-75,-74,
-71,-69,-95,-69,-72,-98,-74,-72,-92,
-95,-107,-104,-98,-104,-105,-92,-101,-106,
-104,-108,-109,-105,-109,-109,-106,-110,-110,
-109,-112,-116,-109,-112,-115,-110,-98,74,
-116,-116,-116,-115,-113,68,74,88,57,
-116,-101,68,68,86,58,57,50,50,
68,83,53,58,48,48,50,64,111,
53,43,50,48,70,67,111,-88,-57,
50,77,-57,67,-79,-57,-57,-55,-51,
-57,-74,-52,-57,-54,-49,-51,-48,-46,
-52,-48,-48,-49,-47,-46,-46,-41,-36,
-48,-44,-41,-46,-40,-36,-36,-33,-31,
-41,-39,-36,-36,-34,-30,-31,-28,-24,
-36,-32,-29,-30,-28,-24,-24,-22,-21,
-29,-26,-23,-24,-21,-17,-21,-18,-13,
-23,-21,-18,-17,-15,-12,-13,-8,-6,
-18,-16,-9,-12,-9,-4,-6,-4,-2,
-9,-6,-2,-4,-4,-4,-2,-3,-4,
-2,-2,-2,-4,-2,-1,-4,-2,-1,
-2,-2,-1,-1,-1,-1,-1,-1,-1,
-1,-1,-1,-1,-1,-1,-1,-1,-1,
-1,-1,-1,-1,-1,-1,-1,-1,-1,
-1,-1,-1,-1,-1,-1,-1,-1,-1,
-1,-1,-1,-1,-1,-1,-1,-1,-1,
-1,-1,-2,-1,-1,-2,-1,-1,-2,
-1,-1,-1,-1,-1,-1,-1,-1,-1,
-1,-1,-1,-1,-1,-1,-1,-1,-1,
-1,-1,-1,-1,-1,-1,-1,-1,-1,
-1,-1,-1,-1,-1,-1,-1,-1,-1,
-1,-1,-1,-1,-1,-1,-1,-1,-1,
-1,-1,-1,-1,-1,-1,-1,-1,-1,
-1,-1,-1,-1,-1,-1,-1,-1,-1,
-1,-1,-1,-1,-1,-1,-1,-1,-1,
-1,-1,-1,-1,-1,-1,-1,-1,-1,
-1,-2,-1,-1,-1,-1,-1,-1,-1,
-1,-2,-4,-1,-1,-1,-1,-1,-1,
-4,-2,-2,-1,-1,-1,-1,-1,-1,
-2,-1,-1,-1,-1,-1,-1,-1,-1,
-1,-14,-56,-1,-1,-1,-1,-2,-2,
-56,-114,105,-1,-7,-35,-2,-1,-1,
105,116,76,-35,-85,-121,-1,-4,-10,
76,39,43,-121,108,85,-10,-19,-40,
43,56,61,85,67,54,-40,-74,78,
61,33,66,54,51,-4,78,90,61,
66,-99,-85,-4,11,40,61,46,-6,
-85,-79,-75,40,81,-94,-6,3,19,
-75,-75,-76,-94,-77,-77,19,51,-97,
-76,-75,-74,-77,-77,-74,-97,-89,-76,
-74,-72,-92,-74,-74,-103,-76,-78,-98,
-92,-101,-106,-103,-106,-104,-98,-103,-104,
-106,-110,-110,-104,-108,-105,-104,96,60,
-110,-98,74,-105,40,62,60,45,46,
74,88,57,62,42,50,46,58,96,
57,50,50,50,61,106,96,-102,-61,
50,64,111,106,-93,-58,-61,-53,-49,
111,-88,-57,-58,-52,-50,-49,-48,-43,
-57,-55,-51,-50,-46,-46,-43,-39,-35,
-51,-48,-46,-46,-42,-38,-35,-30,-26,
-46,-41,-36,-38,-33,-30,-26,-23,-19,
-36,-33,-31,-30,-27,-24,-19,-17,-16,
-31,-28,-24,-24,-21,-18,-16,-14,-11,
-24,-22,-21,-18,-15,-13,-11,-8,-4,
-21,-18,-13,-13,-11,-8,-4,-3,-2,
-13,-8,-6,-8,-3,-2,-2,-2,-1,
-6,-4,-2,-2,-2,-1,-1,-1,-1,
-2,-3,-4,-1,-1,-1,-1,-1,-1,
-4,-2,-1,-1,-1,-1,-1,-1,-1,
-1,-1,-1,-1,-1,-1,-1,-1,-1,
-1,-1,-1,-1,-1,-1,-1,-1,-1,
-1,-1,-1,-1,-1,-1,-1,-1,-1,
-1,-1,-1,-1,-1,-1,-1,-1,-1,
-1,-1,-1,-1,-1,-1,-1,-1,-1,
-1,-1,-2,-1,-1,-2,-1,-1,-2,
-1,-1,-1,-1,-1,-1,-1,-1,-1,
-1,-1,-1,-1,-1,-1,-1,-1,-1,
-1,-1,-1,-1,-1,-1,-1,-1,-1,
-1,-1,-1,-1,-1,-1,-1,-1,-1,
-1,-1,-1,-1,-1,-1,-1,-1,-1,
-1,-1,-1,-1,-1,-1,-1,-1,-1,
-1,-1,-1,-1,-1,-1,-1,-1,-1,
-1,-1,-1,-1,-1,-1,-1,-1,-1,
-1,-1,-1,-1,-1,-1,-1,-1,-1,
-1,-1,-1,-1,-1,-1,-1,-1,-1,
-1,-1,-1,-1,-1,-1,-1,-1,-1,
-1,-1,-1,-1,-1,-1,-1,-1,-1,
-1,-1,-1,-1,-1,-1,-1,-1,-1,
-1,-2,-2,-1,-1,-2,-1,-1,-1,
-2,-1,-1,-2,-3,-4,-1,-2,-1,
-1,-4,-10,-4,-3,-5,-1,-2,-2,
-10,-19,-40,-5,-3,-2,-2,-2,-2,
-40,-74,78,-2,-8,-16,-2,-3,-3,
78,90,61,-16,-40,-80,-3,-2,-9,
61,46,-6,-80,-60,82,-9,-20,-55,
-6,3,19,82,54,49,-55,-104,104,
19,51,-97,49,-3,6,104,69,58,
-97,-89,-76,6,26,62,58,53,-2,
-76,-78,-98,62,-89,-95,-2,8,8,
-98,-103,-104,-95,50,10,8,48,53,
-104,96,60,10,49,43,53,58,81,
60,45,46,43,57,89,81,-114,-67,
46,58,96,89,-109,-67,-67,-52,-50,
96,-102,-61,-67,-57,-51,-50,-48,-41,
-61,-53,-49,-51,-49,-43,-41,-34,-26,
-49,-48,-43,-43,-37,-33,-26,-21,-20,
-43,-39,-35,-33,-29,-25,-20,-18,-13,
-35,-30,-26,-25,-21,-17,-13,-11,-9,
-26,-23,-19,-17,-15,-12,-9,-6,-4,
-19,-17,-16,-12,-9,-9,-4,-4,-3,
-16,-14,-11,-9,-8,-4,-3,-3,-2,
-11,-8,-4,-4,-4,-4,-2,-2,-3,
-4,-3,-2,-4,-3,-1,-3,-2,-2,
-2,-2,-1,-1,-2,-1,-2,-1,-1,
-1,-1,-1,-1,-1,-1,-1,-1,-1,
-1,-1,-1,-1,-1,-1,-1,-1,-1,
-1,-1,-1,-1,-1,-1,-1,-1,-1,
-1,-1,-1,-1,-1,-1,-1,-1,-1,
-1,-1,-1,-1,-1,-1,-1,-1,-1,
-1,-1,-1,-1,-1,-1,-1,-1,-1,
-1,-1,-1,-1,-1,-1,-1,-1,-1,
-1,-1,-1,-1,-1,-1,-1,-1,-1,
-1,-1,-2,-1,-1,-2,-1,-1,-2,
-1,-1,-1,-1,-1,-1,-1,-1,-1,
-1,-1,-1,-1,-1,-1,-1,-1,-1,
-1,-1,-1,-1,-1,-1,-1,-1,-1,
-1,-1,-1,-1,-1,-1,-1,-1,-1,
-1,-1,-1,-1,-1,-1,-1,-1,-1,
-1,-1,-1,-1,-1,-1,-1,-1,-1,
-1,-1,-1,-1,-1,-1,-1,-1,-1,
-1,-1,-1,-1,-1,-1,-1,-1,-1,
-1,-1,-1,-1,-1,-1,-1,-1,-1,
-1,-1,-1,-1,-1,-1,-1,-1,-1,
-1,-1,-1,-1,-1,-1,-1,-1,-1,
-1,-1,-1,-1,-1,-1,-1,-1,-1,
-1,-1,-1,-1,-1,-1,-1,-1,-1,
-1,-1,-1,-1,-1,-1,-1,-1,-1,
-1,-2,-1,-1,-1,-1,-1,-1,-1,
-1,-2,-2,-1,-1,-3,-1,-1,-2,
-2,-2,-2,-3,-3,-2,-2,-2,-2,
-2,-3,-3,-2,-3,-4,-2,-1,-2,
-3,-2,-9,-4,-3,-15,-2,-2,-7,
-9,-20,-55,-15,-19,-9,-7,-7,-5,
-55,-104,104,-9,-8,-35,-5,-7,-6,
104,69,58,-35,-76,72,-6,-4,-21,
58,53,-2,72,83,60,-21,-47,-92,
-2,8,8,60,48,54,-92,118,104,
8,48,53,54,58,79,104,-119,-74,
53,58,81,79,-54,-71,-74,-38,-28,
81,-114,-67,-71,-49,-43,-28,-25,-18,
-67,-52,-50,-43,-38,-28,-18,-13,-6,
-50,-48,-41,-28,-21,-18,-6,-3,-3,
-41,-34,-26,-18,-13,-9,-3,-2,-1,
-26,-21,-20,-9,-6,-6,-1,-1,-1,
-20,-18,-13,-6,-5,-4,-1,-1,-1,
-13,-11,-9,-4,-3,-3,-1,-1,-1,
-9,-6,-4,-3,-3,-3,-1,-2,-2,
-4,-4,-3,-3,-3,-2,-2,-2,-2,
-3,-3,-2,-2,-2,-2,-2,-2,-2,
-2,-2,-3,-2,-2,-2,-2,-2,-2,
-3,-2,-2,-2,-2,-2,-2,-2,-2,
-2,-1,-1,-2,-1,-1,-2,-1,-1,
-1,-1,-1,-1,-1,-1,-1,-1,-1,
-1,-1,-1,-1,-1,-1,-1,-1,-1,
-1,-1,-1,-1,-1,-1,-1,-1,-1,
-1,-1,-1,-1,-1,-1,-1,-1,-1,
-1,-1,-1,-1,-1,-1,-1,-1,-1,
-1,-1,-1,-1,-1,-1,-1,-1,-1,
-1,-1,-1,-1,-1,-1,-1,-1,-1,
-1,-1,-1,-1,-1,-1,-1,-1,-1,
-1,-1,-2,-1,-1,-2,-1,-1,-2,
-1,-1,-1,-1,-1,-1,-1,-1,-1,
-1,-1,-1,-1,-1,-1,-1,-1,-1,
-1,-1,-1,-1,-1,-1,-1,-1,-1,
-1,-1,-1,-1,-1,-1,-1,-1,-1,
-1,-1,-1,-1,-1,-1,-1,-1,-1,
-1,-1,-1,-1,-1,-1,-1,-1,-1,
-1,-1,-1,-1,-1,-1,-1,-1,-1,
-1,-1,-1,-1,-1,-1,-1,-1,-1,
-1,-1,-1,-1,-1,-1,-1,-1,-1,
-1,-1,-1,-1,-1,-1,-1,-1,-1,
-1,-1,-1,-1,-1,-1,-1,-1,-1,
-1,-1,-1,-1,-1,-1,-1,-1,-1,
-1,-1,-1,-1,-1,-1,-1,-1,-1,
-1,-1,-1,-1,-1,-1,-1,-1,-1,
-1,-1,-1,-1,-1,-1,-1,-1,-1,
-1,-1,-2,-1,-1,-1,-1,-1,-1,
-2,-2,-2,-1,-1,-1,-1,-1,-1,
-2,-1,-2,-1,-1,-1,-1,-1,-1,
-2,-2,-7,-1,-1,-4,-1,-1,-1,
-7,-7,-5,-4,-5,-3,-1,-1,-1,
-5,-7,-6,-3,-5,-7,-1,-1,-1,
-6,-4,-21,-7,-3,-4,-1,-1,-1,
-21,-47,-92,-4,-2,-5,-1,-2,-2,
-92,118,104,-5,-21,-26,-2,-2,-1,
104,-119,-74,-26,-14,-8,-1,-1,-1,
-74,-38,-28,-8,-10,-8,-1,-1,-2,
-28,-25,-18,-8,-5,-1,-2,-2,-2,
-18,-13,-6,-1,-1,-2,-2,-2,-2,
-6,-3,-3,-2,-3,-2,-2,-2,-2,
-3,-2,-1,-2,-3,-4,-2,-2,-2,
-1,-1,-1,-4,-5,-4,-2,-2,-2,
-1,-1,-1,-4,-3,-4,-2,-2,-2,
-1,-1,-1,-4,-3,-2,-2,-2,-2,
-1,-2,-2,-2,-2,-2,-2,-1,-1,
-2,-2,-2,-2,-2,-2,-1,-1,-1,
-2,-2,-2,-2,-2,-2,-1,-1,-1,
-2,-2,-2,-2,-2,-2,-1,-1,-1,
-2,-2,-2,-2,-2,-2,-1,-1,-1,
-2,-1,-1,-2,-1,-1,-1,-1,-1,
-1,-1,-1,-1,-1,-1,-1,-1,-1,
-1,-1,-1,-1,-1,-1,-1,-1,-1,
-1,-1,-1,-1,-1,-1,-1,-1,-1,
-1,-1,-1,-1,-1,-1,-1,-1,-1,
-1,-1,-1,-1,-1,-1,-1,-1,-1,
-1,-1,-1,-1,-1,-1,-1,-1,-1,
-1,-1,-1,-1,-1,-1,-1,-1,-1,
-1,-1,-1,-1,-1,-1,-1,-1,-1,
-1,-1,-2,-1,-1,-2,-1,-1,-2,
-1,-1,-1,-1,-1,-1,-1,-1,-1,
-1,-1,-1,-1,-1,-1,-1,-1,-1,
-1,-1,-1,-1,-1,-1,-1,-1,-1,
-1,-1,-1,-1,-1,-1,-1,-1,-1,
-1,-1,-1,-1,-1,-1,-1,-1,-1,
-1,-1,-1,-1,-1,-1,-1,-1,-1,
-1,-1,-1,-1,-1,-1,-1,-1,-1,
-1,-1,-1,-1,-1,-1,-1,-1,-1,
-1,-1,-1,-1,-1,-1,-1,-1,-1,
-1,-1,-1,-1,-1,-1,-1,-1,-1,
-1,-1,-1,-1,-1,-1,-1,-1,-1,
-1,-1,-1,-1,-1,-1,-1,-1,-1,
-1,-1,-1,-1,-1,-1,-1,-1,-1,
-1,-1,-1,-1,-1,-1,-1,-1,-1,
-1,-1,-1,-1,-1,-1,-1,-1,-1,
-1,-1,-1,-1,-1,-1,-1,-1,-1,
-1,-1,-1,-1,-1,-1,-1,-1,-1,
-1,-1,-1,-1,-1,-1,-1,-1,-1,
-1,-1,-1,-1,-1,-1,-1,-1,-1,
-1,-1,-1,-1,-1,-1,-1,-1,-1,
-1,-1,-1,-1,-1,-1,-1,-1,-1,
-1,-1,-1,-1,-1,-1,-1,-1,-1,
-1,-2,-2,-1,-1,-2,-1,-1,-1,
-2,-2,-1,-2,-3,-3,-1,-2,-2,
-1,-1,-1,-3,-2,-1,-2,-1,-1,
-1,-1,-2,-1,-2,-2,-1,-2,-2,
-2,-2,-2,-2,-2,-2,-2,-2,-2,
-2,-2,-2,-2,-2,-2,-2,-2,-2,
-2,-2,-2,-2,-2,-2,-2,-2,-2,
-2,-2,-2,-2,-2,-2,-2,-2,-2,
-2,-2,-2,-2,-2,-2,-2,-2,-2,
-2,-2,-2,-2,-2,-2,-2,-2,-2,
-2,-2,-2,-2,-2,-2,-2,-2,-2,
-2,-1,-1,-2,-1,-1,-2,-1,-1,
-1,-1,-1,-1,-1,-1,-1,-1,-1,
-1,-1,-1,-1,-1,-1,-1,-1,-1,
-1,-1,-1,-1,-1,-1,-1,-1,-1,
-1,-1,-1,-1,-1,-1,-1,-1,-1,
-1,-1,-1,-1,-1,-1,-1,-1,-1,
-1,-1,-1,-1,-1,-1,-1,-1,-1,
-1,-1,-1,-1,-1,-1,-1,-1,-1,
-1,-1,-1,-1,-1,-1,-1,-1,-1,
-1,-1,-1,-1,-1,-1,-1,-1,-1,
-1,-1,-1,-1,-1,-1,-1,-1,-1,
-1,-1,-1,-1,-1,-1,-1,-1,-1,
-1,-1,-1,-1,-1,-1,-1,-1,-1,
-1,-1,-1,-1,-1,-1,-1,-1,-1,
-1,-1,-2,-1,-1,-2,-1,-1,-2,
-1,-1,-1,-1,-1,-1,-1,-1,-1,
-1,-1,-1,-1,-1,-1,-1,-1,-1,
-1,-1,-1,-1,-1,-1,-1,-1,-1,
-1,-1,-1,-1,-1,-1,-1,-1,-1,
-1,-1,-1,-1,-1,-1,-1,-1,-1,
-1,-1,-1,-1,-1,-1,-1,-1,-1,
-1,-1,-1,-1,-1,-1,-1,-1,-1,
-1,-1,-1,-1,-1,-1,-1,-1,-1,
-1,-1,-1,-1,-1,-1,-1,-1,-1,
-1,-1,-1,-1,-1,-1,-1,-1,-1,
-1,-1,-1,-1,-1,-1,-1,-1,-1,
-1,-1,-1,-1,-1,-1,-1,-1,-1,
-1,-1,-1,-1,-1,-1,-1,-1,-1,
-1,-1,-1,-1,-1,-1,-1,-1,-1,
-1,-1,-1,-1,-1,-1,-1,-1,-1,
-1,-1,-1,-1,-1,-1,-1,-1,-1,
-1,-1,-1,-1,-1,-1,-1,-1,-1,
-1,-1,-1,-1,-1,-1,-1,-1,-1,
-1,-1,-1,-1,-1,-1,-1,-1,-1,
-1,-1,-1,-1,-1,-1,-1,-1,-1,
-1,-1,-1,-1,-1,-1,-1,-1,-1,
-1,-1,-1,-1,-1,-1,-1,-1,-1,
-1,-1,-1,-1,-1,-1,-1,-1,-1,
-1,-2,-2,-1,-1,-1,-1,-1,-1,
-2,-1,-1,-1,-1,-1,-1,-1,-1,
-1,-2,-2,-1,-1,-1,-1,-1,-1,
-2,-2,-2,-1,-1,-1,-1,-1,-1,
-2,-2,-2,-1,-1,-1,-1,-1,-1,
-2,-2,-2,-1,-1,-1,-1,-1,-1,
-2,-2,-2,-1,-1,-1,-1,-1,-1,
-2,-2,-2,-1,-1,-1,-1,-1,-1,
-2,-2,-2,-1,-1,-1,-1,-1,-1,
-2,-2,-2,-1,-1,-1,-1,-1,-1,
-2,-1,-1,-1,-1,-1,-1,-1,-1,
-1,-1,-1,-1,-1,-1,-1,-1,-1,
-1,-1,-1,-1,-1,-1,-1,-1,-1,
-1,-1,-1,-1,-1,-1,-1,-1,-1,
-1,-1,-1,-1,-1,-1,-1,-1,-1,
-1,-1,-1,-1,-1,-1,-1,-1,-1,
-1,-1,-1,-1,-1,-1,-1,-1,-1,
-1,-1,-1,-1,-1,-1,-1,-1,-1,
-1,-1,-1,-1,-1,-1,-1,-1,-1,
-1,-1,-1,-1,-1,-1,-1,-1,-1,
-1,-1,-1,-1,-1,-1,-1,-1,-1,
-1,-1,-1,-1,-1,-1,-1,-1,-1,
-1,-1,-1,-1,-1,-1,-1,-1,-1,
-1,-1,-1,-1,-1,-1,-1,-1,-1,
-1,-1,-2,-1,-1,-2,-1,-1,-2,
-1,-1,-1,-1,-1,-1,-1,-1,-1,
-1,-1,-1,-1,-1,-1,-1,-1,-1,
-1,-1,-1,-1,-1,-1,-1,-1,-1,
-1,-1,-1,-1,-1,-1,-1,-1,-1,
-1,-1,-1,-1,-1,-1,-1,-1,-1,
-1,-1,-1,-1,-1,-1,-1,-1,-1,
-1,-1,-1,-1,-1,-1,-1,-1,-1,
-1,-1,-1,-1,-1,-1,-1,-1,-1,
-1,-1,-1,-1,-1,-1,-1,-1,-1,
-1,-1,-1,-1,-1,-1,-1,-1,-1,
-1,-1,-1,-1,-1,-1,-1,-1,-1,
-1,-1,-1,-1,-1,-1,-1,-1,-1,
-1,-1,-1,-1,-1,-1,-1,-1,-1,
-1,-1,-1,-1,-1,-1,-1,-1,-1,
-1,-1,-1,-1,-1,-1,-1,-1,-1,
-1,-1,-1,-1,-1,-1,-1,-1,-1,
-1,-1,-1,-1,-1,-1,-1,-1,-1,
-1,-1,-1,-1,-1,-1,-1,-1,-1,
-1,-1,-1,-1,-1,-1,-1,-1,-1,
-1,-1,-1,-1,-1,-1,-1,-1,-1,
-1,-1,-1,-1,-1,-1,-1,-1,-1,
-1,-1,-1,-1,-1,-1,-1,-1,-1,
-1,-1,-1,-1,-1,-1,-1,-1,-1,
-1,-1,-1,-1,-1,-1,-1,-1,-1,
-1,-1,-1,-1,-1,-1,-1,-1,-1,
-1,-1,-1,-1,-1,-1,-1,-1,-1,
-1,-1,-1,-1,-1,-1,-1,-1,-1,
-1,-1,-1,-1,-1,-1,-1,-1,-1,
-1,-1,-1,-1,-1,-1,-1,-1,-1,
-1,-1,-1,-1,-1,-1,-1,-1,-1,
-1,-1,-1,-1,-1,-1,-1,-1,-1,
-1,-1,-1,-1,-1,-1,-1,-1,-1,
-1,-1,-1,-1,-1,-1,-1,-1,-1,
-1,-1,-1,-1,-1,-1,-1,-1,-1,
-1,-1,-1,-1,-1,-1,-1,-1,-1,
-1,-1,-1,-1,-1,-1,-1,-1,-1,
-1,-1,-1,-1,-1,-1,-1,-1,-1,
-1,-1,-1,-1,-1,-1,-1,-1,-1,
-1,-1,-1,-1,-1,-1,-1,-1,-1,
-1,-1,-1,-1,-1,-1,-1,-1,-1,
-1,-1,-1,-1,-1,-1,-1,-1,-1,
-1,-1,-1,-1,-1,-1,-1,-1,-1,
-1,-1,-1,-1,-1,-1,-1,-1,-1,
-1,-1,-1,-1,-1,-1,-1,-1,-1,
-1,-1,-1,-1,-1,-1,-1,-1,-1,
-1,-1,-1,-1,-1,-1,-1,-1,-1,
-1,-1,-1,-1,-1,-1,-1,-1,-1,
-1,-1,-2,-1,-1,-2,-1,-1,-2,
-1,-1,-1,-1,-1,-1,-2,-2,-2,
-1,-1,-1,-1,-1,-1,-2,-2,-2,
-1,-1,-1,-1,-1,-1,-2,-2,-2,
-1,-1,-1,-1,-1,-1,-2,-2,-2,
-1,-1,-1,-1,-1,-1,-2,-2,-2,
-1,-1,-1,-1,-1,-1,-2,-2,-2,
-1,-1,-1,-1,-1,-1,-2,-2,-2,
-1,-1,-1,-1,-1,-1,-2,-2,-2,
-1,-1,-1,-1,-1,-1,-2,-2,-2,
-1,-1,-1,-1,-1,-1,-2,-2,-2,
-1,-1,-1,-1,-1,-1,-2,-2,-2,
-1,-1,-1,-1,-1,-1,-2,-2,-2,
-1,-1,-1,-1,-1,-1,-2,-2,-2,
-1,-1,-1,-1,-1,-1,-2,-2,-2,
-1,-1,-1,-1,-1,-1,-2,-2,-2,
-1,-1,-1,-1,-1,-1,-2,-2,-2,
-1,-1,-1,-1,-1,-1,-2,-2,-2,
-1,-1,-1,-1,-1,-1,-2,-2,-2,
-1,-1,-1,-1,-1,-1,-2,-2,-2,
-1,-1,-1,-1,-1,-1,-2,-2,-2,
-1,-1,-1,-1,-1,-1,-2,-2,-2,
-1,-1,-1,-1,-1,-1,-2,-2,-2,
-1,-1,-1,-1,-1,-1,-2,-2,-2,
-1,-1,-1,-1,-1,-1,-2,-2,-2,
-1,-1,-1,-1,-1,-1,-2,-2,-2,
-1,-1,-1,-1,-1,-1,-2,-2,-2,
-1,-1,-1,-1,-1,-1,-2,-2,-2,
-1,-1,-1,-1,-1,-1,-2,-2,-2,
-1,-1,-1,-1,-1,-1,-2,-2,-2,
-1,-1,-1,-1,-1,-1,-2,-2,-2,
-1,-1,-1,-1,-1,-1,-2,-2,-2,
-1,-1,-1,-1,-1,-1,-2,-2,-2,
-1,-1,-1,-1,-1,-1,-2,-2,-2,
-1,-1,-1,-1,-1,-1,-2,-2,-2,
-1,-1,-1,-1,-1,-1,-2,-2,-2,
-1,-1,-1,-1,-1,-1,-2,-2,-2,
-1,-1,-1,-1,-1,-1,-2,-2,-2,
-1,-1,-1,-1,-1,-1,-2,-2,-2,
-1,-1,-1,-1,-1,-1,-2,-2,-2,
-1,-1,-1,-1,-1,-1,-2,-2,-2,
-1,-1,-1,-1,-1,-1,-2,-2,-2,
-1,-1,-1,-1,-1,-1,-2,-2,-2,
-1,-1,-1,-1,-1,-1,-2,-2,-2,
-1,-1,-1,-1,-1,-1,-2,-2,-2,
-1,-1,-1,-1,-1,-1,-2,-2,-2,
-1,-1,-1,-1,-1,-1,-2,-2,-2,
-1,-1,-1,-1,-1,-1,-2,-2,-2,
-1,-1,-2,-1,-1,-2,-2,-2,-2,
