11577
3826
-3238
11852
1432
-12150
1651
7536
8726
-3826
-8333
3364
-9262
-9486
-641
2036
-2700
-6232
8975
4015
-1888
17892
965
-5467
11472
-7177
3278
13155
590
8504
-9240
-715
3877
13446
-3149
8347
-3909
314
1120
-228
14354
-3920
5592
2431
12472
9923
8985
4819
-1219
-5509
-4910
-5121
-8427
2614
7712
8153
-1918
-14302
264
-12695
17470
12316
10558
1350
-6147
8652
-4150
-1653
10734
7885
10814
-1739
-10149
-6805
3105
-2539
1394
-548
6009
-6910
-11658
9457
-6149
-5274
-20222
-9879
-4659
-1903
-790
8175
-735
-17512
7652
7513
-18271
26734
2176
22401
4215
1925
7328
6388
-8256
-377
5445
-10905
10243
-9294
7658
7475
1554
-1865
5150
3749
13344
6672
9935
863
-25271
5331
-905
13485
-10013
13834
5046
14544
-9068
2763
