-12246
16241
-3062
-6491
2592
11244
6073
-3093
11438
-9848
-6920
7022
14109
6416
-7749
-10747
-5165
9667
13207
-6276
8429
227
-2828
10436
10279
4889
4759
-6241
10912
-2503
16108
-5241
-4989
13516
-14409
-1587
10223
14167
12435
2146
-3950
-525
-10910
10145
-7276
-8510
-2021
9368
8107
-7338
-11151
-9627
-1410
16390
-529
-8618
2723
-1017
-4956
3696
-10717
5431
10548
-1407
3229
5585
6993
-12492
-10177
3754
-3978
880
13899
-5849
-1718
-2990
11071
-11884
-3175
7023
-3810
13884
-8167
3747
-5954
3405
-3454
-11264
12822
15049
-2002
-5104
-5763
-6211
11169
2129
-4001
9478
-7788
12269
-8697
-2530
31
-9476
-7856
-11574
-9570
-3442
-2073
4037
6293
8878
-1005
-2970
-1892
2872
-9156
-3120
8980
3101
5858
-1946
11987
7405
-9346
-6761
-15046
9157
