7158
11430
-6011
7437
-5782
3220
878
-3579
-1979
-2548
-2898
-10100
-7204
-1131
-1853
8988
-1284
-6090
-110
-3075
-505
268
-1424
-1409
-6131
-9301
5389
-9386
-9505
-2294
1257
1777
1325
3453
16127
-2634
-2910
14151
-14159
-1210
11777
2504
-1322
5930
12274
17836
-11895
-7190
7948
-4836
-239
-11918
11009
-306
-3799
-2120
1156
15813
1920
-586
-8720
1188
-16118
-6337
-9200
-7981
11375
250
-10495
17027
-2878
3771
12862
1430
21419
-3801
8674
3634
-7048
-7553
-10998
-5671
7088
-1899
-14605
-9791
-11802
-479
19611
-1960
-649
-12635
4675
-1581
-4128
-10909
-8446
10789
11422
-7417
-12084
-708
-3600
-4942
-6215
-3250
-11155
3457
10736
-5091
3209
486
5656
-6352
4931
13486
1951
11908
-9871
-4063
-1136
-4899
11219
-5839
-584
5917
13481
9589
