5647
16343
-3027
-10002
18272
3645
8153
3504
1322
-8571
-1015
-15951
-47
2758
-7571
5779
5612
-9114
-2953
1318
-6418
-4574
8364
-3472
-1330
6960
1893
-13923
-12203
1089
8758
19520
-9085
902
-4321
-5397
3214
19609
16362
15552
338
6907
15560
22639
10980
-2730
-14844
-11027
2636
7674
-8485
-3514
-5394
-5386
4594
4176
3158
-16723
8203
9785
-1639
13852
93
-1252
-9570
10219
-8615
-10813
-2191
-5152
-2004
3196
-80
31643
4831
-7187
3354
12997
-9125
14593
-3203
-10075
-10046
382
12609
-3838
-3157
-8300
5557
13470
6147
296
-9291
-348
-6458
-3198
3574
-8096
-3117
2919
9108
-9188
-846
15931
-1434
983
-9081
11260
9425
-5810
3367
-1411
15207
13302
13567
-3089
-9182
-13252
-1537
-6933
13478
5872
-12349
14925
-20543
-2147
10680
12069
