-17648
-26656
-6395
-9074
-35481
-12865
36994
15838
-17336
-28758
-1967
-1699
-9526
-10721
-27752
792
-20248
-7723
2503
18796
12822
-9042
-15590
-10265
-1098
-4647
-10414
11511
-18409
-22673
4532
33157
1306
-27883
-6558
-17551
-6872
13645
36167
-17555
33117
-43152
-5128
-5351
23875
-11437
10697
16443
21635
41401
-1965
-15158
-10542
-14047
37229
-21485
32376
12562
-36778
-19677
-7602
-12761
-11645
-6323
4697
31082
-34667
42359
-9408
11563
23056
-35611
-23403
14282
-28272
-12258
-2723
-9129
-95
-3100
-41166
-23816
-29878
7185
-47194
-30021
44030
-22054
-3949
-24275
-7240
-32282
-7076
39861
-16105
-12488
-44791
7119
-19898
-12408
-7991
6471
-32522
-21231
-25037
-9898
20255
-26295
-1143
-35026
3245
-17036
-19227
-20924
-51286
-9275
10658
-6232
15293
21255
-18551
3846
-15258
-21994
21904
13851
-18260
-21308
-13714
6654
4720
394
-3534
5303
-4457
37532
-3719
4523
21393
-6842
-26086
-1220
-24899
-20718
-38571
-3872
-5172
-4847
-2387
-13003
-33349
21513
-13442
17839
-18529
-40758
-33966
-18785
-17082
-29958
-8653
24394
-8154
16492
-17120
-4009
-17946
-17709
-8139
-2812
-16804
4375
9415
-4243
-1001
-9223
-6079
11078
5964
-31380
-33810
7836
-14905
3041
-8010
-1772
-24366
-1382
7903
-9208
-1513
-45105
-16710
-4384
27615
-14444
10623
-15672
16443
10915
-1589
-29908
-23300
4050
16710
41565
-14961
-15455
-9490
-4285
-2029
7941
1924
-15518
-15686
14308
-3377
3951
-24928
-33978
2917
6579
-21096
-31229
-17866
-38083
-15776
-34089
17618
-4706
-21753
-16052
2574
-51147
14713
-8584
3479
-18933
-33740
-28449
1948
-9374
9302
-15507
-8662
-11017
-10909
11744
-27427
-21627
28887
19539
-22822
-869
21886
1321
